1.53893   5.36084   0.18749   -0.146241   1
2.23671   4.19167   -0.0532532   -0.838328   2
4.81537   3.82372   -0.733335   4.86408   3
4.16553   4.43461   1.93022   6.05635   4
2.9429   3.31566   2.41228   2.86192   5
2.41175   2.68042   4.43967   2.63468   6
1.10354   1.66658   3.57787   4.5051   7
0.660269   -0.292955   4.87208   3.87717   8
-1.35804   1.89254   6.85928   0.35394   9
-3.11391   1.12764   5.78949   -0.898253   10
-2.6134   -1.6228   4.8306   -2.53966   11
-0.100391   -2.42343   5.41012   -5.17226   12
0.548751   -5.24699   7.93796   -3.17312   13
-1.30918   -1.27148   5.25173   -4.16837   14
-2.27949   0.546913   8.1081   -4.96282   15
-2.26425   -1.51395   8.12548   -5.52417   16
1.36882   -1.26305   11.0572   -2.45371   17
2.78965   -1.28134   7.7983   -1.6138   18
-0.720808   -1.92281   10.3881   -2.02397   19
1.97537   -2.23061   10.0907   -0.812722   20
0.779873   -2.76677   8.43974   -0.669618   21
5.78027   -1.01261   6.31333   -0.959932   22
4.85995   0.122925   7.11948   0.992233   23
1.15837   -4.15361   10.2284   2.76453   24
1.75738   -5.72877   11.6079   0.874326   25
2.47957   -3.32014   13.0328   -0.324629   26
0.201864   -3.89335   14.7972   2.07672   27
-3.86132   -3.08448   14.2626   2.95605   28
-3.51413   -1.29296   16.1117   2.59389   29
-0.564292   -2.63001   13.5807   3.56852   30
-2.96406   -0.577658   14.3614   4.73318   31
0.945299   -3.4132   12.6764   0.533568   32
2.18913   -1.44539   12.5648   -0.203244   33
5.84128   -2.45   11.5968   2.37687   34
6.8243   -0.605862   11.4863   1.11169   35
4.58947   -0.971948   13.2094   1.08394   36
1.49017   0.722303   11.3296   1.96573   37
0.353765   -2.36258   11.3822   4.0823   38
1.89466   -2.99878   11.4488   5.21327   39
-0.329329   -2.99955   12.7332   2.78211   40
-5.44545   -2.90091   11.2728   9.39249   41
-1.80315   -3.57413   11.7599   10.1925   42
-5.56983   -2.99413   15.3664   8.83288   43
-1.26224   -3.25001   14.9765   7.31161   44
-1.93208   -0.351192   16.2711   7.01945   45
-6.60634   -1.44046   18.5906   6.19495   46
-7.9279   -3.38803   18.5516   7.18534   47
-7.63201   -5.29116   17.0029   6.32095   48
-4.97873   -4.97735   16.3885   8.54103   49
-4.54182   -5.24141   15.627   8.11182   50
-3.82263   -5.18455   13.7196   6.27151   51
-4.74764   -4.1786   12.788   5.24058   52
-3.77133   -5.07669   8.6431   7.28449   53
-3.8753   -3.17495   9.24804   3.86547   54
-0.0760822   -3.84702   11.1446   4.97777   55
-1.63897   -3.99342   11.504   8.77819   56
-6.78696   -3.78449   10.6604   7.88801   57
-4.93472   -3.74126   9.97449   9.70905   58
-5.30663   -4.67067   11.2183   7.52089   59
-6.6521   -4.56976   9.66931   8.1268   60
-8.84076   -6.79395   15.7971   5.1645   61
-6.19859   -4.89308   15.1593   2.97066   62
-5.05642   -3.83569   14.9646   2.6072   63
-8.47912   -3.38615   13.4932   2.59062   64
-8.5548   -2.65915   12.8422   -1.21401   65
-5.40878   -5.05641   13.8212   -4.74988   66
-7.94263   -0.418619   12.7676   -7.59081   67
-9.52089   -1.93355   14.5619   -6.30339   68
-6.06639   1.27228   17.7142   -7.76847   69
-4.73023   -0.525401   16.7302   -8.17078   70
-2.36674   -0.179532   16.086   -6.85363   71
-0.334852   0.789872   17.1056   -9.9284   72
0.427583   0.970723   18.5582   -10.8962   73
-0.746338   -0.0177783   14.9736   -9.27876   74
-2.10561   1.82189   16.5022   -9.40329   75
-4.86907   0.552298   13.7605   -7.00528   76
-5.5011   -0.0174407   12.9208   -4.5318   77
1.68793   5.13453   -0.589428   0.192853   78
1.57969   5.49177   -0.362221   0.153748   79
1.57135   5.61465   -0.193429   0.114911   80
1.73058   6.05528   0.0859286   -0.43952   81
1.60004   5.33752   0.088898   -0.66539   82
1.25915   5.53128   -0.178463   0.111524   83
1.65501   5.35459   0.161471   -0.0776198   84
1.46439   5.90522   0.0967266   0.03984   85
1.63942   5.39057   0.330327   -0.154033   86
1.4235   5.86553   0.0912639   0.00045445   87
1.42856   5.0967   1.0016   0.536997   88
1.78426   5.64669   0.0411578   -0.277546   89
1.16708   5.50461   0.404071   -0.193709   90
1.66208   5.77229   0.486065   0.145637   91
1.36525   5.53058   -0.0380311   -0.120041   92
1.48464   5.79361   0.0288784   -0.21573   93
2.16522   5.54304   -0.0197073   0.242584   94
2.38625   5.5576   0.467047   0.236613   95
1.81107   5.89581   -0.163886   -0.146397   96
1.53666   5.91414   -0.215328   0.203265   97
1.76078   5.08364   -0.35273   -0.461256   98
1.86338   5.41662   0.0258975   0.0168141   99
1.89924   5.38634   -0.405848   0.292357   100
1.70313   5.25644   -0.316151   0.236886   101
1.62597   5.48011   -0.181139   -0.440334   102
1.83037   5.16543   0.338084   0.488812   103
1.91061   5.9782   0.0951508   -0.413247   104
1.32975   5.50994   0.283795   0.0242477   105
1.60646   5.20605   0.0205073   -0.224676   106
2.15823   5.43605   -0.121241   -0.0968615   107
1.94046   5.48865   0.0507035   0.205119   108
2.13606   5.61803   0.0908877   -0.188094   109
1.42622   5.42377   -0.304694   -0.16902   110
1.56237   5.67539   -0.0453424   -0.364847   111
1.76684   5.22113   0.234983   0.0560063   112
1.99956   5.41344   -0.130526   0.0720992   113
1.71453   5.29932   -0.0251649   -0.184241   114
1.47934   5.20524   -0.413381   -0.600297   115
1.44804   4.8624   -0.319908   -0.262428   116
1.43037   5.45355   0.00841374   -0.414359   117
1.52533   5.99362   -0.22367   -0.354917   118
1.88343   5.44902   0.193088   -0.0275304   119
1.54363   5.3535   0.194323   -0.138623   120
1.85056   4.96583   -0.294949   -0.67905   121
1.16354   5.64649   -0.127321   -0.605343   122
1.37407   5.35401   -0.00314979   -0.0183964   123
1.70232   5.23101   -0.335318   -0.390563   124
1.70611   5.59827   -0.120737   -0.355513   125
1.5596   5.02431   -0.133016   0.522569   126
1.48826   4.91656   0.0749169   0.0582483   127
1.95175   5.54529   -0.27265   0.199623   128
1.44048   5.42405   -0.773989   0.0614582   129
1.62414   5.20656   -0.0527471   -0.317021   130
1.6588   5.24847   0.0760223   -0.0235813   131
1.80731   5.00449   -0.0815047   -0.201482   132
1.45488   5.28318   -0.385775   -0.117485   133
1.34605   5.41245   -0.0777283   -0.223191   134
2.00861   5.57541   0.302391   0.128271   135
1.33599   5.31937   0.168037   -0.0465495   136
1.70932   4.92677   -0.134191   -0.20784   137
1.52881   5.23568   -0.446421   0.103596   138
1.54519   5.38291   0.141172   -0.0990121   139
1.6654   5.51769   -0.165917   -0.269359   140
0.907498   5.63595   -0.172878   0.472658   141
1.58812   5.16526   -0.437175   -0.0374259   142
1.4311   5.36545   -0.541549   -0.0839943   143
1.64453   5.37627   0.126364   0.209053   144
0.820424   5.38139   -0.331873   0.0442255   145
1.50079   5.39638   -0.39483   -0.197556   146
1.49696   5.08297   0.135738   -0.0626313   147
1.63325   5.28138   -0.197286   -0.176875   148
1.44077   5.6619   -0.112096   -0.0404274   149
1.05854   5.80397   0.178139   0.435894   150
1.57022   5.55427   0.022321   -0.430036   151
1.65719   5.10333   -0.0911666   -0.13408   152
1.66561   5.10133   -0.024409   -0.268882   153
2.01297   5.49595   0.00903093   -0.183836   154
1.66779   5.34812   -0.164302   0.0774987   155
1.29615   5.10479   0.14389   0.744374   156
1.59389   5.01375   0.0163592   -0.137329   157
1.86088   5.82512   -0.203632   -0.0961978   158
1.58126   5.43284   0.126425   -0.239236   159
1.82709   5.23665   -0.0361441   0.373156   160
1.67284   5.53431   -0.211785   -0.0617966   161
1.95675   5.75398   -0.192806   -0.052106   162
1.43505   5.74069   0.167547   0.316476   163
1.75261   5.38452   0.130201   0.274397   164
1.7428   5.15867   0.0952081   0.353704   165
1.59979   5.5168   0.20169   -0.173455   166
1.58996   5.79907   0.477366   0.195711   167
1.53106   5.5261   -0.100992   0.0368867   168
1.96706   5.33871   -0.443214   0.529797   169
1.52916   4.97825   0.486118   -0.281379   170
1.86383   4.90405   -0.144152   -0.374534   171
1.99768   5.31188   0.120125   0.0753314   172
1.12362   5.83887   0.135534   0.274798   173
1.7976   5.59055   0.0451488   -0.256279   174
1.77056   5.65549   -0.106138   -0.0928334   175
1.7395   5.43501   0.272596   -0.226798   176
1.8873   5.40088   0.133799   -0.227523   177
1.59081   5.16428   -0.451006   -0.529643   178
1.44101   5.09658   -0.549054   -0.389549   179
1.85413   5.74046   0.16695   -0.379818   180
1.70636   5.21508   0.0298071   -0.207603   181
1.47657   4.99292   -0.600785   0.680596   182
1.58126   5.51136   0.0385189   0.344561   183
1.83334   5.22134   0.233579   -0.536734   184
1.51816   5.40462   0.439259   0.222809   185
1.82476   5.12308   0.153625   0.239601   186
1.64412   5.05879   -0.072098   0.919535   187
1.15294   5.47887   -0.110778   0.371719   188
1.16265   5.52239   -0.631761   0.0851694   189
1.96318   5.43786   0.08617   0.179199   190
1.98488   5.10237   0.1291   0.0377282   191
0.995158   5.33838   0.0188184   0.148763   192
1.10793   5.7134   -0.0895497   0.00887947   193
1.70353   5.2506   -0.239489   0.377792   194
2.12067   5.73384   -0.176635   0.285002   195
1.80329   5.2702   0.188524   0.297711   196
1.79177   4.95317   -0.48943   -0.233471   197
1.71022   5.65397   0.115893   -0.049121   198
1.02759   5.2384   0.015636   -0.519424   199
1.20883   5.1592   0.194489   0.621007   200
1.85704   5.09351   -0.226063   0.219816   201
1.9446   5.42057   -0.201219   0.842919   202
1.79051   5.34411   -0.0536909   -0.186719   203
1.73396   4.70471   0.208651   0.469799   204
2.02724   5.34502   -0.415171   0.354085   205
1.31506   5.39805   0.20126   -0.0584565   206
1.46309   5.43106   -0.291262   -0.405753   207
1.5312   5.41612   -0.56324   0.0205401   208
1.95892   5.34698   -0.216292   -0.220277   209
1.49759   5.30199   -0.388536   0.280827   210
1.52462   5.68612   0.102428   -0.0684421   211
1.51457   5.66834   0.190048   0.00893086   212
1.95898   5.84527   0.492757   0.310235   213
1.73631   5.44736   -0.125315   -0.0210918   214
1.57193   5.5441   -0.49624   0.569827   215
1.90361   5.61099   -0.31798   0.12029   216
1.05248   5.34575   -0.270692   0.213644   217
1.49138   5.14297   -0.248631   0.0292004   218
1.56898   5.50161   -0.596271   -0.360262   219
1.53625   5.28659   -0.121004   0.471737   220
1.33155   5.91317   -0.334708   0.0644821   221
1.39896   5.56784   -0.392044   0.0518219   222
1.836   5.11434   -0.12372   0.176582   223
1.53779   5.81782   -0.194317   0.00414819   224
1.35035   5.60763   -0.471334   -0.189254   225
2.12639   5.32138   -0.499492   0.392515   226
1.19794   5.86638   -0.180992   -0.193635   227
1.00276   5.60843   -0.570935   0.258386   228
1.67551   4.82109   -0.256295   -0.277586   229
2.57463   5.43422   -0.0796574   -0.134197   230
1.79696   5.29057   -0.578895   0.288335   231
1.69246   5.55703   -0.462519   -0.13567   232
1.6493   5.5892   0.126828   -0.265134   233
1.76828   5.1015   0.155686   0.320086   234
1.5145   4.98779   -0.2983   -0.300266   235
1.67082   5.40525   -0.2163   0.205683   236
1.04347   5.35664   0.0769185   -0.109999   237
1.19628   5.86379   0.0469966   -0.0917939   238
1.89709   5.20499   0.0323374   0.429527   239
1.67728   5.37367   0.111971   0.127359   240
1.85304   4.87627   0.337136   -0.378274   241
1.98957   4.98172   -0.0780381   0.660008   242
1.33111   6.15876   0.121912   0.270216   243
1.66894   5.71902   0.138226   -0.0361069   244
1.2796   5.43722   -0.0719279   0.24984   245
1.85709   5.19708   -0.0439961   0.656209   246
1.45851   5.14424   -0.467774   -0.422937   247
1.97187   5.72532   -0.53156   0.642401   248
1.20931   5.38211   -0.624242   0.419768   249
1.9209   5.75007   -0.486007   -0.155198   250
1.58999   5.84398   -0.148692   -0.683957   251
1.2296   5.45629   -0.529236   -0.20064   252
1.95906   5.69731   -0.311734   -0.231   253
1.61816   5.25222   -0.663543   0.181627   254
2.02095   5.28289   -0.330939   -0.177697   255
1.17312   5.39514   0.00728117   0.00916367   256
1.71742   5.29147   -0.133552   -0.201165   257
1.55049   5.4989   -0.113462   -0.0772219   258
1.76223   5.50043   -0.0834842   0.0130106   259
1.26359   5.49249   0.0385808   -0.102988   260
1.4982   5.20444   -0.15758   -0.425592   261
1.40066   5.87833   -0.769491   0.0211417   262
1.52283   5.47485   -0.195835   -0.115449   263
2.18704   5.38851   -0.356732   0.00900945   264
1.27852   5.97188   -0.174197   -0.14134   265
1.07543   5.19902   -0.910865   0.085431   266
1.62735   5.12663   -0.33444   -0.26626   267
1.71321   5.61089   -0.236795   -0.0645821   268
1.45399   5.80702   -0.145166   0.0129706   269
1.99302   5.51374   -0.0231391   -0.191968   270
1.8846   5.62145   -0.469889   -0.253357   271
1.91413   5.49249   -0.480647   -0.0290238   272
1.14437   5.97923   0.131106   0.316226   273
1.94502   5.83857   -0.0207006   -0.0247555   274
2.07843   5.34086   -0.0373548   0.0193909   275
1.44437   5.10485   -0.188571   0.272951   276
1.31209   5.38472   -0.0208985   -0.0202084   277
1.52026   5.11179   -0.324293   -0.32199   278
1.56053   5.11595   0.0764446   -0.315269   279
1.32469   5.76024   0.0288711   -0.295061   280
1.74761   5.38774   0.0310832   -0.082571   281
1.3873   5.44836   -0.0940597   0.0843112   282
1.37575   5.534   -0.616512   0.226676   283
1.90198   5.12473   0.0179037   -0.26687   284
1.91996   5.82402   -0.151836   -0.0561004   285
1.11737   5.75628   -0.172718   -0.302506   286
1.65862   5.42034   0.383971   -0.346496   287
1.83819   5.34641   -0.647731   0.233283   288
1.7837   5.21677   -0.163293   0.0593406   289
1.18012   5.34018   0.484486   -0.163416   290
1.85088   5.42001   -0.108968   0.203303   291
1.66405   5.56611   -0.178727   -0.294055   292
1.63709   5.76365   0.125294   0.0164099   293
1.62131   5.18122   -0.336799   -0.379356   294
1.13232   5.47155   0.00145755   0.289014   295
1.83011   5.83461   -0.276496   -0.216905   296
1.50488   5.37789   -0.154673   -0.176561   297
1.61244   5.39445   -0.0153464   -0.0646043   298
1.54618   5.31021   0.243476   -0.373586   299
1.43746   5.21859   0.398211   -0.264412   300
1.71844   5.08997   -0.131942   0.0436652   301
2.00013   5.79965   -0.0539437   -0.440235   302
1.13335   5.52524   -0.170238   0.139989   303
1.77378   5.74577   -0.241793   -0.132706   304
1.60745   5.2178   0.00311727   -0.446133   305
1.56699   5.56902   -0.255317   0.72727   306
1.36783   5.47856   -0.398655   0.292125   307
1.72923   5.50046   -0.8067   0.0762709   308
1.56945   5.23673   -0.0255276   -0.193085   309
1.7597   5.46714   -0.00448339   -0.0715958   310
1.30776   5.03047   -0.507553   -0.711623   311
1.61887   5.3849   -0.407604   -0.000978634   312
1.80102   5.55155   0.200755   -0.534844   313
1.47562   5.58374   -0.438933   -0.498882   314
1.36617   5.3964   -0.170103   -0.444134   315
1.5369   5.2478   -0.278155   -0.245385   316
1.31395   5.23393   -0.283136   -0.586837   317
1.64947   5.36236   -0.218116   -0.207205   318
1.79442   5.13764   0.107644   0.32094   319
1.83883   5.60816   -0.633944   -0.0755057   320
1.75788   5.24608   -0.143096   0.022109   321
2.05017   5.34111   -0.4543   -0.13541   322
1.65493   5.40172   -0.357075   0.117374   323
1.52604   5.90509   -0.110966   0.0897153   324
1.2644   5.23521   -0.11259   -0.0217865   325
1.60506   5.02399   0.0392362   0.657333   326
1.66295   5.24774   -0.1578   0.203899   327
2.03511   5.75641   0.154867   -0.244662   328
1.51612   5.53996   -0.191417   0.173128   329
1.5633   5.25195   -0.332233   -0.399474   330
1.98335   4.98386   -0.213323   0.180968   331
1.69087   5.00489   -0.40101   0.352847   332
1.48368   5.38797   -0.320769   -0.0710497   333
1.67399   5.21035   -0.0255164   -0.0774055   334
1.49846   5.42232   -0.347468   -0.751488   335
1.51507   5.39466   -0.156059   -0.286564   336
1.62972   4.98094   -0.223722   -0.22792   337
2.07143   5.34199   -0.0898868   -0.330701   338
1.58199   5.20554   -0.353612   0.0320205   339
1.54682   5.53994   -0.261895   -0.0916126   340
1.33387   5.41427   -0.422451   -0.187119   341
2.07312   5.19727   0.0312644   0.121842   342
0.817981   4.84182   -0.0172493   -0.131512   343
1.42383   5.25767   0.0724147   -0.31908   344
1.54938   4.94224   0.561864   -0.0194409   345
1.60453   5.20734   -0.324224   0.0107496   346
1.43898   5.27033   0.252845   -0.0564727   347
0.926789   5.21741   -0.0210201   0.388952   348
1.5493   5.05473   0.18361   0.218793   349
1.64808   5.47735   0.114242   -0.260118   350
1.43209   5.33279   0.288509   0.189605   351
1.79431   5.84666   -0.0155815   -0.00592871   352
2.14577   5.20515   0.141114   0.182106   353
1.5121   5.29114   -0.149675   0.291927   354
1.54428   5.55763   0.333223   -0.040758   355
1.45134   5.88302   -0.0567345   0.183547   356
2.13078   5.76451   -0.36875   0.0801146   357
1.64947   5.0395   0.194141   -0.546898   358
1.23533   5.31083   -0.267391   0.253745   359
1.39322   5.00138   0.253487   -0.147711   360
1.95511   5.6815   0.470202   0.16859   361
1.49115   5.39468   -0.326375   -0.143422   362
1.24267   5.21751   -0.354661   0.309348   363
2.02209   5.27714   0.137135   -0.262397   364
1.46389   5.73856   0.299324   -0.0561466   365
1.63969   5.28443   -0.334974   -0.116468   366
1.57908   5.52127   -0.139076   -0.131635   367
1.53572   5.27898   -0.120142   0.102857   368
1.43433   5.46838   -0.395873   -0.235387   369
1.48308   4.99111   -0.584864   -0.120563   370
2.16628   5.287   -0.453193   0.458833   371
1.51721   5.99297   -0.802016   0.104114   372
1.37031   5.49817   -0.469579   -0.157746   373
1.85546   5.61958   -0.245373   0.244928   374
1.48248   4.98229   -0.331725   0.0135547   375
1.08278   5.20688   -0.490846   -0.594705   376
1.49642   5.22134   -0.220242   -0.453286   377
1.7886   5.24322   -0.0101227   -0.410106   378
1.52373   5.30166   -0.444285   0.252029   379
2.28212   5.49473   -0.0987833   0.0418655   380
1.37872   5.67788   -0.575072   -0.468833   381
1.5569   5.25948   -0.557862   -0.0101709   382
1.72419   5.26196   -0.606159   0.347419   383
1.839   5.40637   -0.164125   0.159378   384
1.18983   5.35429   0.0418401   -0.220708   385
1.84118   5.56141   -0.0856639   0.16357   386
1.92858   5.23441   -0.0963183   -0.101307   387
1.56824   5.07214   0.00220117   -0.334376   388
1.86317   5.03156   0.389045   0.0505787   389
1.39166   5.61879   -0.262582   -0.00496945   390
1.76126   5.25373   -0.489491   -0.443839   391
1.93966   4.77147   -0.33268   0.0244036   392
1.04091   5.34367   -0.267501   -0.510003   393
1.47834   5.26359   -0.409934   -0.409083   394
1.75436   5.22656   -0.532135   0.201967   395
1.54768   5.54763   -0.180843   -0.0679219   396
1.78041   5.65032   -0.157058   0.203118   397
1.48451   5.34823   -0.415729   0.174818   398
1.25194   5.68378   -0.250026   -0.0298923   399
1.65902   5.81864   -0.0358687   0.71466   400
1.75874   5.29237   -0.272017   -0.278587   401
1.90358   5.04865   -0.0412325   0.120602   402
0.700357   5.41146   -0.277028   -0.00368084   403
1.39258   5.43764   0.0851435   -0.295031   404
1.96272   5.70836   -0.217514   -0.318987   405
1.92545   5.15756   -0.138308   0.000308248   406
1.053   5.6424   -0.375236   -0.246935   407
1.4355   5.46702   -0.588447   0.0239404   408
1.72226   5.01701   -0.0882067   0.0285445   409
1.34522   5.58473   -0.605681   0.275436   410
1.58098   5.16849   -0.573256   -0.184163   411
1.46051   5.2914   -0.480971   0.178776   412
1.55036   5.21182   -0.365459   -0.71034   413
1.73406   5.27489   -0.1205   -0.271574   414
1.91041   5.5955   -0.119507   0.189053   415
1.61665   5.56412   -0.288042   -0.0760311   416
1.92535   5.72143   0.0741454   -0.024427   417
1.80867   4.99251   -0.213112   0.175677   418
1.57476   5.75059   0.0137195   -0.0361867   419
1.36346   5.70216   -0.118134   -0.188521   420
1.42908   5.19277   0.008259   0.255545   421
1.74894   5.04459   -0.450143   0.118618   422
1.71433   5.32705   -0.514598   0.537368   423
0.79956   5.3734   -0.528749   0.0705319   424
1.59812   5.27703   -0.374719   -0.354133   425
1.19812   5.12923   -0.399496   -0.336554   426
1.44018   5.41502   0.0613962   -0.303059   427
1.61904   5.33309   -0.161018   0.0328662   428
1.44808   5.43191   -0.277843   -0.389502   429
2.00097   5.40895   -0.155722   -0.23237   430
1.54845   5.42075   0.11716   -0.210468   431
1.94447   5.28296   -0.307506   -0.111223   432
1.97302   5.47637   -0.314653   -0.210587   433
1.41068   5.12213   -0.152938   -0.293131   434
1.26056   5.51488   -0.0800597   -0.143832   435
1.64462   5.78896   -0.0730156   0.481073   436
2.1432   5.36624   -0.466216   0.186772   437
1.72643   5.63905   -0.265231   0.274814   438
1.54884   5.39694   -0.071271   -0.34301   439
1.98154   5.14028   -0.113522   -0.140776   440
1.54156   4.84434   -0.107962   -0.138835   441
1.90889   5.07543   0.042789   0.112307   442
1.69499   5.58961   0.02003   0.0308729   443
1.64035   5.25311   -0.235879   0.222143   444
1.85406   5.40031   -0.123744   -0.214321   445
1.82496   5.02439   -0.194939   -0.543469   446
1.40975   4.88248   -0.282413   -0.162306   447
1.99296   5.38341   -0.04332   -0.0937944   448
1.75614   5.25741   -0.137208   -0.0492706   449
1.39985   5.25885   -0.52759   0.0787608   450
1.67494   5.59361   0.132834   -0.517299   451
1.62918   5.48293   -0.0807109   0.106674   452
1.0263   5.42031   -0.413853   -0.230355   453
1.8104   5.00109   0.0594921   0.131012   454
1.87502   5.21499   0.113764   0.122166   455
0.786411   5.34324   0.0834975   -0.199697   456
1.5836   4.70272   -0.371215   0.632886   457
1.45287   5.42598   -0.259878   -0.0472939   458
1.60632   5.89834   -0.236829   -0.330106   459
1.67163   5.45441   0.131399   -0.176043   460
1.35078   5.52132   -0.232295   -0.202157   461
1.39662   5.79185   -0.529413   0.0415192   462
1.91282   5.18251   -0.755872   -0.109932   463
1.82355   5.13573   -0.588208   -0.13597   464
1.70696   5.49409   -0.0926637   -0.044769   465
1.82679   5.12612   -0.142682   -0.686107   466
1.73652   5.1176   -0.442144   -0.0928026   467
1.64151   5.64838   -0.336607   0.152767   468
1.69914   5.61054   -0.461658   0.201947   469
1.76177   5.70429   -0.0497493   -0.726296   470
1.70513   5.5053   -0.504193   0.6073   471
1.37027   5.50488   -0.447921   -0.357506   472
1.6711   5.70353   -0.349339   -0.00250103   473
1.20946   5.20104   -0.370996   0.157674   474
2.0107   4.99958   -0.0983129   -0.275102   475
1.49919   5.42207   -0.36419   -0.289232   476
1.29052   5.53139   -0.351536   -0.157899   477
1.91948   5.57724   0.076646   -0.0795948   478
1.67683   5.70655   -0.0619862   0.245391   479
1.63837   5.14063   -0.070697   0.338002   480
1.50333   5.34835   -0.546902   -0.522273   481
1.21617   5.02912   -0.0850196   -0.354263   482
1.54035   5.43422   0.0786432   -0.172707   483
1.54279   5.48417   -0.190627   0.286106   484
1.83015   4.94735   -0.0704261   0.168781   485
1.80934   5.51629   -0.311637   0.0267825   486
1.64773   5.7237   -0.0269133   -0.17701   487
1.68367   5.39962   0.187903   -0.253151   488
1.53932   5.43717   -0.0864466   -0.108092   489
1.50933   5.88619   -0.284455   -0.262972   490
1.72218   5.11214   0.265515   0.164488   491
1.22423   5.61772   0.290485   -0.240773   492
0.977123   5.52626   -0.212674   -0.189416   493
2.06541   5.68226   -0.421183   -0.0454079   494
1.54793   5.58816   -0.293551   0.250685   495
2.01946   5.27075   -0.603689   -0.0490483   496
1.92004   5.07775   -0.550676   -0.369477   497
1.35198   5.86029   0.336925   -0.323832   498
1.61842   5.29834   -0.0952432   0.0700876   499
1.82058   5.40002   -0.700189   -0.313139   500
1.4669   5.59697   0.107801   -0.429381   501
1.55629   5.47138   0.0460792   -0.192973   502
1.5012   5.44931   -0.520449   0.465718   503
1.84679   5.41859   0.262163   -0.347427   504
1.36537   5.97575   -0.284861   0.128249   505
1.56843   5.83814   -0.408167   0.15757   506
1.78418   5.35293   -0.211892   0.0250841   507
1.25974   5.21521   -0.168326   0.0914004   508
1.64876   5.05162   -0.765475   -0.291434   509
2.28714   5.47923   -0.382259   -0.24643   510
1.11391   5.51858   0.00976098   0.151255   511
1.39999   5.34506   -0.322099   0.307291   512
1.77637   5.43067   -0.362144   -0.0976279   513
1.52054   5.46055   -0.0786295   -0.0120661   514
1.90195   4.88978   0.0891379   -0.350944   515
1.31094   5.1872   -0.362862   0.0580908   516
1.42452   5.45072   -0.0958528   -0.178691   517
1.76296   5.36967   -0.27942   0.244664   518
1.68091   5.63026   0.401443   -0.0264949   519
1.63295   5.2539   -0.222467   -0.193768   520
1.261   5.92729   -0.0541703   0.221112   521
1.60157   5.28419   -0.229015   -0.181295   522
1.68045   5.43922   -0.406007   -0.545591   523
1.39712   6.18221   -0.430002   -0.104509   524
1.62372   4.92079   -0.276129   -0.352715   525
2.14245   5.38341   0.215862   -0.803236   526
1.79743   5.65343   -0.0457245   -0.380926   527
1.18779   5.18552   -0.209302   0.227942   528
1.12015   5.48114   -0.139105   -0.560972   529
2.03657   5.11973   -0.281505   -0.198046   530
1.96014   5.37874   -0.257405   -0.199876   531
1.53522   5.9829   -0.542971   0.0431264   532
1.60851   4.98953   0.0788296   -0.0305965   533
1.45534   5.24492   -0.245016   0.320235   534
1.85758   5.51737   0.136604   0.290712   535
1.49321   5.53316   -0.175362   0.0307128   536
1.78424   5.30534   -0.282019   0.131688   537
1.82708   5.42911   0.393149   0.501909   538
1.83288   5.40316   -0.28106   0.495247   539
1.95829   5.71892   -0.101874   0.14776   540
2.06852   5.49269   -0.0265422   0.820957   541
1.85914   5.55457   0.200955   -0.171614   542
1.7846   5.45759   -0.252315   -0.369429   543
1.45709   5.65155   -0.323649   0.22923   544
1.53682   5.40843   -0.281627   -0.664001   545
2.01769   5.32489   -0.0668702   -0.19413   546
1.93709   5.74264   -0.269641   0.236389   547
1.65851   5.34682   -0.784609   -0.0992211   548
2.35599   5.23998   -0.0430872   0.261449   549
2.29552   5.43913   -0.445699   0.350769   550
1.34283   5.9612   -0.0720597   0.197792   551
1.6641   5.14012   -0.124755   -0.019063   552
1.71947   4.96297   -0.177261   0.154112   553
1.72549   5.7543   -0.264421   0.323223   554
2.02558   5.00553   -0.512857   0.231539   555
1.68622   5.34911   -0.237536   -0.281586   556
2.02618   5.15583   -0.598677   -0.230333   557
1.4306   5.16434   -0.0659297   -0.0674069   558
1.4077   5.21109   -0.0597953   -0.0957037   559
1.3648   5.37456   -0.312471   -0.245917   560
1.75503   5.50404   -0.223842   0.345289   561
1.72428   5.46808   -0.258739   0.0458923   562
1.5317   5.18769   -0.0364174   0.211172   563
1.81975   5.48898   -0.25968   0.0674952   564
1.70166   5.3691   -0.286373   0.0367635   565
1.69554   5.26   -0.466708   0.0535243   566
1.82744   4.98855   -0.296389   -0.256917   567
1.69744   5.29572   -0.0346211   0.175355   568
1.1882   5.41835   -0.270644   0.22353   569
1.84745   5.46638   0.126449   0.016256   570
1.42685   5.36117   -0.07175   -0.459221   571
1.44221   5.23336   0.367594   -0.21694   572
1.99661   5.28455   -0.238653   0.413184   573
1.78604   5.39402   -0.0967032   0.0747242   574
1.4346   5.22215   -0.203538   -0.277273   575
1.51869   5.25436   -0.331309   0.157892   576
1.48358   4.89501   -0.112716   0.085767   577
1.80253   5.05133   0.345729   -0.134124   578
1.8454   6.00162   -0.130806   -0.563042   579
1.78719   5.41686   -0.300018   -0.187566   580
2.10872   5.48994   -0.0830278   0.234712   581
1.6843   5.80284   -0.300813   0.341017   582
1.62971   5.7865   0.0171869   0.175607   583
1.79488   5.11433   -0.51583   0.278257   584
1.4661   5.71064   0.0835476   -0.00306215   585
1.41609   5.23212   -0.372204   -0.131708   586
1.39635   5.2616   -0.329672   -0.565153   587
1.90557   5.27543   -0.243715   -0.353391   588
1.6642   5.20318   -0.411233   -0.0654613   589
1.45465   5.10065   0.0131692   -0.150228   590
1.66446   5.15493   0.2113   -0.143023   591
1.68399   5.57559   -0.249508   0.204246   592
2.11363   5.90721   0.19128   -0.32151   593
1.79309   5.07209   -0.529008   -0.0867445   594
1.36753   5.3508   -0.0928711   -0.304603   595
1.39381   5.39037   -0.0744335   -0.206616   596
1.57717   5.47077   -0.0851464   0.0841382   597
1.14497   5.12068   -0.208088   -0.156593   598
1.75262   5.57331   0.0709658   -0.1971   599
1.71248   4.62318   -0.280395   -0.828069   600
1.73382   5.46612   -0.841531   0.149404   601
1.81278   5.15674   0.160178   -0.171711   602
1.65738   5.417   0.471454   -0.85466   603
1.27237   5.18588   -0.4336   -0.011734   604
1.72235   5.55361   -0.272955   -0.160355   605
1.71071   5.31533   -0.631287   0.0861771   606
1.61239   5.43621   -0.194639   -0.0298909   607
1.71425   5.58404   -0.308319   -0.303013   608
1.45579   5.08451   -0.420675   -0.14509   609
1.59425   5.5162   -0.133324   -0.287293   610
1.60625   5.39551   0.0684562   -0.408014   611
1.96619   4.92401   0.0764768   -0.112829   612
1.74952   5.84855   -0.328716   0.048992   613
1.16363   5.92694   -0.195675   0.0565648   614
1.84769   5.60737   0.0178312   -0.327972   615
1.49267   5.44167   -0.0526371   0.356275   616
1.12496   5.52929   -0.375839   -0.121434   617
2.04671   5.23815   -0.372089   0.540888   618
1.59097   5.82905   -0.346557   -0.213959   619
1.39993   5.85512   -0.0124734   0.178093   620
1.82855   5.39535   -0.159374   0.107628   621
1.62101   5.22753   -0.138935   -0.639108   622
2.12158   5.46971   -0.747171   0.230502   623
1.84317   5.46925   0.23228   -0.227418   624
1.49891   5.32117   -0.0353532   -0.20796   625
1.4642   5.75009   -0.332216   -0.177149   626
1.52023   5.26071   -0.628529   0.0960126   627
1.39928   5.02068   -0.630371   -0.392645   628
1.61465   5.40999   -0.584131   -0.0396336   629
1.69667   5.73046   -0.604393   0.420646   630
1.65316   5.35764   -0.469744   0.0146267   631
1.54297   5.35439   -0.406607   0.269554   632
1.24816   5.32938   -0.391254   -0.504367   633
1.5827   5.06908   -0.365962   0.268083   634
1.33502   4.47861   -0.634744   -0.426301   635
1.59843   5.26746   -0.449448   -0.109158   636
2.13331   5.41064   -0.122041   0.122465   637
1.66606   5.40812   -0.562509   0.31734   638
1.67077   5.71123   -0.0497607   -0.175245   639
1.59752   5.38509   -0.303062   -0.086541   640
1.56154   5.83025   -0.0867806   -0.42439   641
1.97431   5.31276   -0.539352   0.203914   642
1.56408   5.10584   -0.0880933   -0.593964   643
1.46213   5.49835   -0.21448   -0.310141   644
1.58379   5.34333   -0.281151   -0.315777   645
1.79183   5.19244   -0.0940975   -0.195327   646
1.30186   5.35896   -0.670486   -0.137168   647
1.73343   5.53001   -0.145037   0.0826434   648
2.20827   5.98488   -0.216973   -0.238379   649
1.80074   5.61458   -0.34744   -0.169939   650
1.68177   5.68279   -0.0408921   -0.68832   651
1.72308   5.09446   0.272993   -0.0704609   652
1.83253   5.3427   -0.359642   -0.293631   653
1.90407   5.39195   -0.635764   0.215354   654
1.32932   5.44707   -0.037801   0.260663   655
2.1682   5.70632   0.296928   -0.503131   656
1.0686   5.26249   0.231793   -0.279429   657
1.02181   4.89122   -0.226023   -0.295508   658
1.25291   5.34796   0.129981   0.16017   659
2.52577   4.95677   -0.318758   -0.252661   660
1.62979   5.35472   -0.184373   -0.106653   661
1.28779   5.50776   0.198433   0.0722317   662
1.89506   5.19645   -0.35679   0.423573   663
1.55165   5.49376   0.343719   -0.151464   664
1.55046   5.33652   0.0112212   -0.197995   665
1.6495   5.6505   0.0935822   -0.0605648   666
1.66057   5.3608   -0.530397   0.0460309   667
1.54617   5.12962   -0.250463   0.586161   668
1.37356   5.49622   0.236147   -0.23261   669
1.8065   5.66658   0.117412   0.0384905   670
2.51298   4.82173   -0.521276   0.0323889   671
1.746   5.20617   -0.194113   -0.402042   672
1.18576   5.55402   -0.104333   -0.129341   673
1.87634   5.45074   -0.233662   0.449102   674
2.02426   5.07326   0.00270755   0.129487   675
1.89256   5.41682   -0.188809   0.176452   676
2.15716   5.66066   -0.48678   0.03512   677
1.65396   5.48791   -0.134217   -0.613233   678
1.63923   5.6065   -0.166502   -0.126826   679
1.72912   5.5889   0.0365929   0.0410215   680
1.85309   5.31551   -0.0184649   0.279581   681
1.61041   5.3406   -0.471219   0.26903   682
1.60367   5.72221   -0.589883   -0.13974   683
1.91667   5.14702   0.274641   0.0479048   684
1.23771   5.59769   -0.0757237   -0.132305   685
1.448   5.35518   -0.246235   -0.0982154   686
1.75216   5.15857   0.0438604   -0.235498   687
1.885   5.43571   -0.200563   -0.221492   688
1.68183   5.45267   -0.0953998   -0.0497702   689
1.53021   5.60625   -0.135001   -0.0419153   690
1.69716   5.41302   0.0617374   0.382124   691
1.56171   5.53341   -0.67133   0.105949   692
1.26865   5.76847   0.124811   0.0726182   693
1.82971   5.13645   -0.15975   -0.163006   694
1.55674   5.14963   0.176158   -0.353557   695
1.73986   5.18343   -0.0798742   0.11177   696
1.82066   5.98067   0.0882601   -0.264874   697
2.34186   5.3586   -0.190665   -0.490724   698
1.73669   5.36361   -0.456907   -0.493528   699
1.46344   5.50736   0.126047   0.00655292   700
1.36551   5.06172   -0.507878   0.274569   701
1.72395   5.50526   -0.190739   -0.202881   702
1.24456   5.73251   -0.271813   0.164764   703
1.90127   5.39515   0.117286   -0.0342178   704
1.27351   5.01842   -0.450195   -0.483264   705
1.97808   5.43595   -0.0521328   0.341562   706
2.10343   5.13873   -0.0958534   0.0370258   707
1.38914   5.31839   -0.0351047   -0.174902   708
1.36814   5.50139   0.290824   0.170292   709
1.84371   5.73444   -0.596813   -0.287855   710
2.09953   5.42873   -0.240395   -0.296455   711
1.62159   5.19018   -0.165219   -0.27101   712
1.65123   5.66535   -0.396125   -0.0694303   713
1.75431   5.94177   -0.421191   -0.0231089   714
1.59563   5.43764   -0.526085   -0.236763   715
1.44614   5.22231   -0.0833967   0.28823   716
1.69931   5.35429   -0.426181   -0.10389   717
1.50421   5.32214   0.225671   0.0225951   718
1.78986   5.57837   0.29577   -0.109418   719
1.74733   5.48937   -0.546641   0.363293   720
1.73691   5.31041   -0.224234   0.508914   721
2.36916   4.84348   -0.0548607   -0.0788557   722
1.30711   5.50548   -0.00895037   0.196441   723
1.62854   5.70444   -0.0839124   -0.0793733   724
2.02953   5.27355   -0.433937   0.147758   725
1.64359   5.30902   -0.13557   -0.288861   726
1.99456   5.12742   -0.190536   0.0211626   727
1.42724   5.40863   -0.331734   -0.265943   728
1.65364   5.20621   -0.467922   -0.42447   729
1.71266   5.21773   -0.557649   -0.282573   730
1.78863   5.28082   -0.351456   0.0878719   731
1.60577   4.96877   -0.755041   0.203823   732
1.48956   5.53811   -0.0773799   -0.0499363   733
1.76497   5.47054   -0.416274   0.0708022   734
1.21288   5.5604   -0.480044   -0.0533639   735
1.95676   5.35477   -0.171907   -0.342714   736
1.22234   5.46227   -0.137914   -0.370375   737
1.66484   5.30255   0.185371   -0.0112445   738
1.539   5.49965   -0.258289   0.332554   739
1.76973   5.52556   -0.32781   -0.0796056   740
1.72984   5.31855   0.335531   0.263525   741
1.73796   5.64986   -0.412177   -0.289742   742
1.29958   5.46802   -0.183607   0.379369   743
1.43437   5.31414   -0.242756   -0.0968481   744
1.88561   5.53462   -0.107398   0.130447   745
1.51085   5.47934   0.0377052   -0.249554   746
1.41448   5.55576   0.0941614   -0.171604   747
1.93674   5.6468   -0.451531   0.291057   748
1.56085   5.37826   -0.282418   -0.077219   749
1.56282   5.76498   -0.563868   -0.0550806   750
1.45107   5.1832   -0.287344   -0.381769   751
1.49993   5.37329   0.124052   -0.181305   752
1.15903   5.42648   0.0336739   -0.314228   753
1.36805   5.2882   0.0848868   -0.432644   754
1.57272   5.37965   -0.215286   0.428355   755
1.65254   5.08272   -0.207065   -0.0849662   756
1.83461   5.38684   -0.289011   0.0865972   757
2.03748   4.78876   -0.438762   -0.0501504   758
1.66824   5.01505   -0.283466   0.335211   759
1.55803   6.01278   -0.49394   -0.373732   760
2.02478   5.35685   -0.404753   0.700082   761
1.97266   5.7036   -0.383069   0.0328523   762
2.03267   5.30457   -0.0848569   0.147065   763
1.54281   5.89633   -0.164329   0.231004   764
1.21841   5.54837   -0.272279   -0.063989   765
1.14605   5.62786   0.191507   0.129515   766
1.95301   5.3376   -0.192589   0.40094   767
1.70542   5.15409   0.0855652   -0.0136495   768
1.88468   4.87822   -0.123432   0.396676   769
1.22063   5.55947   0.0926087   0.063178   770
1.15357   5.58411   0.154932   -0.188928   771
1.62119   5.54539   0.252204   0.552191   772
2.03818   5.5155   0.0442383   0.180364   773
1.21442   5.57012   0.6517   0.125641   774
1.32606   5.16409   -0.297427   0.184379   775
1.87869   5.24369   -0.158394   -0.413606   776
1.14276   5.16295   0.0194493   -0.0393725   777
1.0476   5.68275   0.100417   -0.265226   778
2.12646   4.90283   0.0133964   -0.176136   779
1.80775   5.29077   0.108198   -0.0743623   780
1.3774   5.22136   0.0328952   0.0145568   781
2.03573   5.38523   0.0572302   0.0266851   782
1.60406   5.56772   -0.534519   0.0855708   783
1.35926   5.32269   -0.165891   -0.187553   784
1.52441   5.21488   0.205166   -0.0848298   785
1.65007   5.47681   0.075032   0.238454   786
2.10815   5.37557   -0.287186   -0.0379888   787
1.29751   5.47871   -0.153517   0.0986865   788
1.57831   5.3075   -0.196178   -0.280135   789
1.20445   5.44654   -0.217304   -0.0429913   790
1.84105   5.8829   -0.0112191   -0.0350375   791
1.8219   5.33794   -0.675878   -0.119905   792
1.20261   5.11185   -0.47869   -0.0320832   793
1.47684   5.06765   -0.551235   -0.481721   794
1.84449   4.7181   -0.361608   -0.290631   795
1.46282   6.03537   0.0299642   -0.101671   796
1.38466   5.58518   0.449745   -0.0671917   797
1.59581   4.92334   0.216964   -0.184795   798
1.47449   5.37878   -0.124798   -0.0478504   799
1.46148   5.48465   0.193498   -0.0874157   800
1.2975   5.42086   -0.206009   -0.177078   801
1.57014   5.80821   -0.183911   0.140262   802
1.75572   5.86677   -0.342844   -0.00821433   803
2.02049   5.33794   -0.348534   -0.270616   804
1.61184   5.12024   -0.515984   -0.0402088   805
1.20395   5.72989   -0.195868   -0.318458   806
1.83958   5.00295   -0.366122   -0.371697   807
1.9342   5.42341   0.0465878   -0.268122   808
1.39653   5.45133   -0.268432   0.165761   809
2.26744   4.97554   0.394816   -0.532841   810
1.85594   5.36111   -0.716548   -0.227076   811
1.45192   5.4031   -0.0579296   -0.146444   812
1.48702   5.8091   -0.328648   0.107448   813
2.17671   5.34151   -0.313617   -0.102316   814
2.0376   5.33129   -0.17648   0.132795   815
1.72763   5.20771   -0.571316   -0.157589   816
1.76272   5.45411   -0.0701865   0.101584   817
2.07928   5.23495   -0.495844   -0.386808   818
1.1749   5.49876   -0.123043   0.129131   819
1.74683   5.78319   -0.0167536   0.146984   820
1.93975   4.78034   -0.16971   0.111199   821
1.16685   5.2813   -0.218668   -0.414259   822
1.54431   5.4795   -0.364031   -0.42428   823
1.63536   5.07045   -0.460874   -0.0211154   824
1.8135   5.28615   -0.41296   -0.268301   825
1.67227   5.23367   -0.331071   -0.0431901   826
1.4128   5.27444   -0.528976   -0.168338   827
1.51062   5.10428   -0.284917   -0.204126   828
1.45006   5.83572   -0.547196   -0.0758952   829
1.33582   5.43399   -0.48324   0.488963   830
1.56177   5.83601   -0.0337886   -0.207758   831
1.39177   5.24761   -0.611601   0.158078   832
1.56029   4.92872   -0.357775   0.507851   833
1.53524   4.92949   0.329651   -0.522396   834
1.29348   5.30478   -0.202276   -0.0232137   835
1.06938   4.94244   -0.236603   -0.341201   836
1.88031   5.26014   -0.326876   -0.218515   837
1.39951   5.54168   0.116132   -0.0591541   838
1.46777   4.85653   -0.0212487   -0.182022   839
1.55141   5.47219   -0.651479   -0.156027   840
1.53791   5.07417   -0.483187   -0.692633   841
1.41857   5.34668   -0.0309585   0.216541   842
1.56596   5.53536   -0.0225857   -0.446767   843
1.62032   5.28938   0.176754   0.11973   844
1.29738   5.047   -0.241826   -0.104034   845
1.45231   5.39158   0.217124   -0.305542   846
1.37176   5.09   -0.179831   -0.0204499   847
1.72328   5.20944   -0.000564162   -0.217003   848
1.18126   5.26562   -0.108869   0.0785195   849
1.91587   5.64599   0.557314   -0.134816   850
1.43591   5.0623   -0.15938   0.403299   851
1.77435   5.82642   -0.197784   0.119203   852
1.93248   5.37929   -0.0144599   -0.0365744   853
1.4021   5.00129   -0.399792   -0.154142   854
1.50671   5.16946   -0.294014   -0.162302   855
1.37569   5.52101   -0.203424   -0.196583   856
1.56357   5.51569   -0.224112   0.340804   857
1.39599   5.0917   -0.275536   -0.717843   858
1.47489   4.97045   -0.490654   0.0099493   859
1.32576   5.44154   -0.384714   -0.251014   860
1.593   5.01681   -0.397439   -0.630952   861
2.04336   5.00282   -0.165647   -0.393379   862
1.70446   5.54514   -0.411638   -0.321101   863
1.0438   5.4714   -0.465551   0.650369   864
1.72977   5.28733   0.0149215   -0.463192   865
1.72742   5.24849   -0.53586   -0.109927   866
1.29549   5.08475   -0.445291   -0.443937   867
1.5725   5.80132   -0.326997   -0.40938   868
2.00719   5.36602   0.347128   -0.0515979   869
1.71486   5.26007   -0.170643   0.0288662   870
1.73181   4.78749   -0.314264   -0.59822   871
1.64728   5.31256   -0.204576   0.223981   872
1.97582   5.40974   0.109457   -0.482496   873
1.40899   5.35677   0.138413   -0.287004   874
1.35839   5.38592   -0.175393   0.000292523   875
1.77418   5.73408   -0.143998   -0.352291   876
1.42333   5.4551   0.0116453   -0.131906   877
1.51577   5.16461   -0.265099   0.0650452   878
1.86763   6.0207   -0.0675365   -0.0820233   879
0.984381   5.82554   0.28089   -0.0458249   880
2.09388   4.95976   0.450836   0.0845588   881
1.08659   5.5207   -0.0818149   0.234445   882
1.5724   5.57352   -0.490904   -0.023771   883
2.1272   5.23478   -0.312773   -0.0544988   884
1.47925   5.50163   0.0775093   -0.147258   885
1.42879   5.44258   -0.0511613   -0.0387013   886
2.04363   5.32592   -0.351729   0.0180553   887
1.59222   5.34911   -0.414744   -0.107646   888
1.42322   5.7903   -0.275575   -0.523637   889
1.60841   5.29253   -0.450135   -0.0654324   890
2.07979   5.6079   -0.074839   0.73046   891
1.91977   5.7204   -0.042954   -0.339658   892
1.58993   5.147   -0.278746   0.0594319   893
1.93412   5.52192   -0.125465   0.495822   894
1.52083   5.80517   0.0631202   -0.0410766   895
1.68631   5.7679   0.340299   0.0165151   896
1.51905   5.20688   -0.0762046   0.0440608   897
1.40219   5.5363   -0.390754   -0.288518   898
1.52178   4.98796   -0.55332   0.37617   899
1.65009   5.74346   -0.450763   0.00276292   900
1.42552   5.34749   -0.25182   -0.338912   901
1.62155   5.84275   -0.34095   -0.431266   902
1.68987   5.36664   -0.163406   0.203864   903
1.92134   5.45834   -0.176097   0.0593846   904
1.54277   5.12627   -0.158059   0.166821   905
1.97194   5.29685   -0.331896   0.368567   906
1.85008   5.36376   -0.0216794   -0.0395243   907
1.70072   5.55143   -0.589765   -0.123018   908
2.04574   5.08514   -0.797972   0.369765   909
1.12556   5.87112   0.195235   -0.181091   910
1.76528   5.45403   -0.102582   -0.533601   911
1.40378   5.19545   -0.485307   -0.30951   912
1.39869   5.12889   -0.220368   -0.133192   913
1.01643   5.22256   -0.151332   0.351021   914
1.96659   5.54363   0.103983   -0.1964   915
1.65337   5.45752   -0.2209   -0.13889   916
1.50885   5.17962   -0.181049   1.04631   917
1.51397   5.10382   -0.122059   -0.12303   918
1.74359   5.48274   0.327234   -0.0785237   919
1.81078   5.35721   -0.0431891   -0.0929106   920
0.749693   5.58877   -0.200776   -0.151102   921
2.33489   5.03831   0.149521   0.172426   922
1.90292   5.60373   -0.197456   0.192523   923
1.70378   5.32514   -0.0894815   -0.0932102   924
1.3274   5.36274   -0.336518   0.0071882   925
1.76324   5.63899   -0.312597   -0.205956   926
2.05391   5.2586   -0.135485   0.151127   927
1.78194   5.77067   -0.566968   0.212383   928
1.28238   5.44512   -0.360182   -0.166152   929
1.75605   5.61444   -0.0199911   0.0118316   930
2.30509   5.28539   -0.25074   0.174653   931
1.55543   5.37727   -0.223192   0.136588   932
1.52193   5.46715   -0.250093   0.263386   933
1.47477   5.10774   0.150251   -0.11186   934
1.79527   5.93437   -0.693027   0.266581   935
1.919   5.63423   -0.323424   0.0718154   936
2.05902   5.20145   -0.148394   -0.198698   937
0.854592   5.62923   -0.410394   -0.45152   938
2.31976   5.54084   -0.426872   -0.147617   939
1.67847   5.13541   -0.169555   -0.225948   940
1.70528   5.45332   -0.343934   -0.372105   941
1.18892   5.10715   -0.0968158   0.0346034   942
1.54784   5.70829   0.263198   -0.2855   943
1.31621   5.6668   -0.342653   0.124543   944
2.16935   5.13309   -0.343393   0.219385   945
1.4636   5.41886   -0.275516   -0.0184594   946
1.71518   5.26133   -0.22566   -0.212875   947
1.59676   5.34791   -0.447801   -0.00103735   948
1.83676   5.7581   -0.0389144   -0.0546663   949
1.67265   5.3526   -0.547565   0.469232   950
1.69176   5.49189   -0.139296   0.0516075   951
1.42186   5.60139   -0.272956   -0.158282   952
1.5958   5.56936   -0.51864   -0.203366   953
2.38679   5.43325   -0.387665   -0.218059   954
1.88829   5.23658   -0.508947   0.0239401   955
1.69541   5.81505   -0.113965   0.0220625   956
1.73236   5.30911   -0.226665   0.554425   957
1.61191   5.61342   0.123632   -0.480192   958
0.899743   5.03294   -0.0234495   0.526188   959
1.90544   5.58572   -0.49758   -0.78043   960
1.6392   5.23437   -0.44993   -0.301033   961
1.64278   5.53596   -0.088091   -0.174306   962
1.5966   5.4744   -0.181245   -0.0554003   963
1.57993   5.6454   -0.0714337   -0.513993   964
1.11794   5.83855   0.0112886   0.403088   965
1.27065   5.5748   -0.382324   0.357068   966
2.29623   5.3156   -0.369372   -0.0787787   967
1.32552   5.36781   -0.356436   -0.159216   968
1.33889   5.53788   -0.378259   -0.580495   969
1.98069   5.13836   -0.669448   0.145328   970
1.61956   5.54579   -0.0812513   0.161354   971
1.58956   5.41869   -0.251316   0.0148509   972
1.61575   5.39667   -0.426955   -0.455599   973
1.40726   5.30894   0.200218   -0.081877   974
1.5611   5.58504   -0.497141   0.509178   975
1.81801   5.38172   -0.461869   0.0203949   976
1.64316   5.30941   -0.400435   0.223252   977
1.63409   5.54417   -0.229741   -0.439047   978
1.65204   5.42575   -0.359901   0.288706   979
1.71776   5.17713   -0.121815   0.0494925   980
1.64326   5.55861   -0.674036   -0.174718   981
1.65073   5.10766   -0.436286   -0.0714209   982
2.01339   5.51806   -0.324476   0.139216   983
1.16372   5.31314   -0.78606   -0.190878   984
1.53272   5.57948   -0.0948968   -0.120812   985
1.7573   5.31516   -0.372844   -0.140026   986
1.36597   5.12369   -0.38337   0.117115   987
2.01274   6.16106   -0.106153   0.64771   988
1.37851   6.18476   -0.518133   -0.260198   989
1.78468   5.14636   -0.238114   -0.0881554   990
1.55741   5.9952   0.0332295   0.202719   991
1.34159   5.5801   -0.360893   0.109444   992
1.89843   5.45658   -0.201331   0.297106   993
1.73698   5.09586   -0.209524   -0.0738464   994
1.6294   5.58838   0.0278753   0.171161   995
2.03472   5.50923   -0.0942792   -0.0622382   996
1.35819   5.76787   -0.797777   -0.513572   997
1.73693   5.6509   -0.442275   -0.137884   998
1.02057   5.41925   -0.203359   -0.226792   999
1.66946   5.74061   -0.67223   0.262134   1000
1.77273   5.56613   -0.419067   -0.410491   1001
1.2121   4.87825   -0.442041   -0.349843   1002
1.26737   5.42122   -0.317304   0.230368   1003
1.77331   5.78554   -0.494361   -1.03297   1004
1.99007   5.16689   -0.37425   -0.372795   1005
1.72113   5.83773   0.0855407   0.518632   1006
0.971682   5.6582   -0.0725209   -0.154746   1007
1.49297   5.17046   -0.198615   -0.719285   1008
1.7413   5.1303   -0.0477491   -0.303174   1009
1.42364   5.47047   -0.280309   0.165058   1010
1.72053   5.55792   0.2303   -0.352219   1011
1.456   5.31734   -0.578066   0.325638   1012
1.53216   5.55849   -0.232185   -0.612997   1013
1.90968   5.39343   0.193826   -0.371773   1014
1.7757   5.53476   -0.279096   -0.219988   1015
1.19859   5.67429   -0.738255   0.150214   1016
1.67976   5.25229   -0.278196   -0.369929   1017
1.3886   5.32354   -0.0397309   0.138382   1018
1.33281   5.5408   0.165819   -0.119641   1019
1.30941   5.35367   0.00475636   -0.0263405   1020
1.6413   4.94435   -0.0937104   -0.26344   1021
1.42048   4.88354   -0.172767   -0.394174   1022
1.33347   5.67452   0.202335   0.0326792   1023
1.18982   5.22002   -0.476054   -0.0544064   1024
1.68944   4.74503   -0.212664   -0.149986   1025
1.59312   5.14907   -0.571223   -0.0897889   1026
1.27342   5.42994   -0.287746   -0.480652   1027
0.891264   5.04718   -0.0259192   -0.204188   1028
1.40471   5.5175   -0.290082   0.12759   1029
1.78823   5.82136   -0.030003   -0.0603123   1030
1.52065   5.1104   -0.0734443   -0.284057   1031
1.42844   5.18008   0.205573   -0.216402   1032
2.12632   5.35927   -0.495118   0.0528516   1033
1.80001   5.28075   0.00874505   0.010999   1034
1.51508   5.90791   -0.332644   -0.123626   1035
1.79802   5.67994   -0.407422   0.145691   1036
1.90763   5.7635   -0.122638   -0.0860701   1037
1.71322   5.08308   0.0299628   -0.196689   1038
1.63735   5.35969   0.0327613   -0.104381   1039
1.70091   5.71206   -0.037738   -0.279803   1040
1.76152   5.11543   0.0599054   0.26987   1041
1.27758   5.32496   -0.127608   0.160698   1042
1.43706   5.60606   -0.214203   -0.0717881   1043
1.84956   4.98589   0.0934266   0.308339   1044
1.62326   5.26239   0.192937   -0.178016   1045
1.50223   5.41789   -0.323001   -0.596389   1046
1.88344   4.88318   -0.309593   0.24351   1047
1.52722   5.11996   -0.0195545   0.116419   1048
1.35654   5.76249   -0.289424   -0.519887   1049
1.29407   5.27275   0.270658   -0.02284   1050
1.53167   5.28048   0.219142   0.0954775   1051
1.57136   5.06833   -0.386127   0.230273   1052
1.35954   5.61078   0.218219   -0.173821   1053
1.49996   5.36249   -0.366136   0.121458   1054
1.87052   5.08447   -0.244681   0.340649   1055
2.13248   5.31634   -0.335445   -0.0786193   1056
1.33719   5.56239   0.120971   -0.0796111   1057
1.4469   5.66195   -0.233106   -0.756097   1058
2.08262   5.61666   -0.148318   -0.140589   1059
1.95245   5.18801   -0.39621   0.0426644   1060
1.91124   5.3587   -0.364408   -0.280746   1061
1.25919   5.43534   0.597272   -0.230235   1062
1.3133   5.52757   0.0119058   -0.202382   1063
1.61394   5.17559   -0.35797   0.114025   1064
2.11198   5.53195   0.0401338   0.310695   1065
1.84015   5.3605   -0.123423   0.65849   1066
1.39518   5.53285   -0.255446   -0.230503   1067
1.61078   5.59012   -0.0643412   0.0524041   1068
1.81936   5.05029   0.222203   0.196615   1069
1.63672   5.64374   0.194478   0.0866463   1070
1.5734   5.2123   -0.142492   0.255368   1071
1.7915   5.2436   -0.0886644   -0.128553   1072
1.70177   5.60607   0.244326   -0.147153   1073
1.60836   5.38986   0.0781844   0.208874   1074
1.26236   5.36094   -0.0674707   -0.104953   1075
1.55633   5.54079   0.28231   -0.524548   1076
1.57065   5.55543   0.109821   0.19828   1077
1.52467   2.60664   -3.16446   4.68502   1078
2.20469   2.73004   -1.84648   1.98864   1079
-0.50309   3.9359   -0.0501484   2.62784   1080
0.601435   3.50194   -0.295995   2.74473   1081
-0.922587   3.16167   -0.866742   3.82822   1082
0.625441   2.51812   -1.99752   2.79126   1083
-0.430474   1.33811   -1.24015   2.39372   1084
-0.775302   2.51289   0.227094   1.53326   1085
-1.26087   2.71482   -1.80508   0.846218   1086
-1.25765   2.17043   -2.29823   0.0213739   1087
0.152895   1.41108   -1.65609   -0.95147   1088
-2.54507   2.73417   -1.38034   0.222593   1089
-2.98158   1.12321   -1.19168   -0.138401   1090
-0.80484   -0.435214   -0.0495919   1.1461   1091
-2.36531   -1.40127   -0.473236   -0.75055   1092
-0.554501   0.0767387   -1.39269   0.0797961   1093
-0.429334   1.66359   -0.943294   0.398943   1094
-0.906096   -0.61425   -0.996793   0.403532   1095
0.298005   -0.0682165   -0.0744837   -0.469717   1096
-1.62055   -1.06307   -1.64741   -1.25813   1097
-0.0180408   -1.75806   -0.358293   -2.23525   1098
-0.627711   -1.03669   0.253555   -3.16958   1099
-2.43677   -3.27287   -0.890468   -2.37599   1100
-1.949   -2.15267   -0.00365039   -1.6839   1101
-1.64899   -2.55754   0.286833   -1.03123   1102
-1.26195   -1.79107   -0.351951   -1.27398   1103
-0.737023   -1.49743   -1.098   -0.272501   1104
-2.66497   -1.7027   0.192292   0.776271   1105
-0.173171   -1.17614   0.67672   -1.01215   1106
-0.57597   -0.550539   0.0671984   -1.66149   1107
0.513423   -1.63138   -1.40145   -1.30626   1108
0.0594884   -0.805372   -0.954827   -1.25444   1109
-2.21867   -0.308727   -1.56861   -0.965762   1110
0.130943   -2.00543   -1.54671   -1.05323   1111
-1.15679   -0.77889   -0.588746   -0.636024   1112
1.82263   -0.367786   -2.68649   -1.61276   1113
1.32449   -1.83002   -1.46568   -1.67754   1114
-1.8641   -0.896016   -0.38743   -1.873   1115
0.706847   -1.98335   -0.607239   -1.74621   1116
-1.84759   -2.29831   -0.77701   -0.36184   1117
0.150255   -1.71146   -0.355312   -0.92455   1118
-1.57126   -0.491842   -1.5112   -1.02143   1119
-1.29111   -0.832058   -1.70801   -0.718582   1120
-1.87543   -0.0347472   -1.35559   0.167712   1121
-1.15821   -0.140052   -1.13651   1.10284   1122
-0.245789   -0.736463   -1.60897   0.139283   1123
-0.75713   -0.83749   -1.54286   0.128108   1124
-0.892286   -0.241964   -2.2539   1.57478   1125
-0.611205   0.158325   -1.8933   -0.158459   1126
-1.99055   -1.91458   -1.75668   0.313175   1127
-0.0482468   -1.21836   -1.66738   1.50058   1128
-1.36743   -2.75421   -2.95909   2.40391   1129
-0.957153   -0.478621   -1.78196   0.478678   1130
-2.09344   -0.575252   -2.91469   -0.175798   1131
-1.79479   -2.84981   -1.39392   1.10495   1132
-0.958273   -2.33168   -1.14653   2.20697   1133
-3.354   -2.30177   -1.64007   0.353705   1134
-3.9318   -3.22634   -2.60554   1.6615   1135
-2.83777   -3.32225   -1.43623   2.00288   1136
-3.0415   -2.89519   -0.974742   2.87163   1137
-3.7092   -1.61619   -1.02477   1.1489   1138
-1.37166   -1.84341   -0.764362   -0.476252   1139
-3.01335   -1.42644   -2.59307   0.397885   1140
-1.83669   -1.65129   -0.231156   0.0141011   1141
-3.42552   -2.33033   -2.09037   1.27246   1142
-1.42187   -3.04142   -2.48668   2.80514   1143
-2.6867   -2.6155   -0.890392   1.43667   1144
-1.48436   -2.98827   -2.35267   1.01979   1145
-2.38699   -3.74947   -1.31897   1.93494   1146
-0.882755   -5.44094   -2.06461   2.11135   1147
-0.950858   -4.49176   -1.60796   1.46779   1148
-3.02681   -5.17545   -0.43793   1.45846   1149
-2.71962   -4.33242   -2.41404   2.56473   1150
-0.961432   -4.77841   -1.79524   2.36771   1151
-1.71143   -4.09275   -2.99214   4.97291   1152
-1.56981   -4.95652   -4.17744   4.44652   1153
-1.66735   -5.15963   -3.01893   4.46582   1154
-1.25443   -5.36535   -2.84308   7.84985   1155
-1.2696   -4.58356   -1.64458   9.71415   1156
-1.04641   -4.81591   -0.865857   7.40195   1157
-0.590098   -2.93024   -0.806797   7.88443   1158
-0.208863   -3.19064   -1.26222   8.17907   1159
-0.220224   -3.6427   -2.16081   8.75215   1160
-0.471624   -2.8798   -0.63632   8.295   1161
0.239229   -4.58676   -1.6091   9.79856   1162
-1.80142   -3.24171   -1.2366   10.259   1163
0.499186   -4.42115   -2.05472   9.95221   1164
-0.238721   -3.88923   -2.78005   9.52739   1165
-0.600669   -4.0055   -1.55287   8.7455   1166
-0.744016   -4.66279   -2.2141   8.53269   1167
-1.11314   -2.88984   -2.97486   7.42713   1168
-1.73193   -1.24297   -2.58442   6.33448   1169
-1.96544   -2.08584   -2.33707   5.26372   1170
-1.48706   -1.58031   -3.23416   5.13694   1171
-1.51997   -3.43125   -0.770433   6.49085   1172
-0.849277   -1.57666   -2.95455   5.75038   1173
-0.441307   -2.73632   -1.87166   5.33792   1174
-0.232089   -2.62221   -1.98394   6.10576   1175
-0.505029   -1.39213   -2.57686   5.39624   1176
0.114475   -2.35242   -3.08338   6.58298   1177
-0.238441   -1.25373   -2.24863   6.52495   1178
-1.05388   -0.404035   -2.36688   5.26061   1179
-0.953069   -1.07402   -2.83146   5.08624   1180
0.312746   0.330182   -1.50215   5.17082   1181
0.475173   -0.140809   -1.17458   3.89426   1182
0.663261   -1.73455   -2.03793   4.77613   1183
-0.546342   -2.48062   -1.70503   6.57422   1184
1.05294   -1.95533   -2.2412   5.21097   1185
-0.742301   -2.486   -2.61049   5.07988   1186
-0.228659   -3.28498   -3.05502   5.82997   1187
-0.453988   -1.82445   -2.06116   4.39641   1188
-0.281519   -3.33425   -2.93316   4.61189   1189
-0.864153   -3.7908   -3.04202   5.74782   1190
-0.327694   -2.85522   -3.67451   3.65467   1191
-0.552533   -3.69115   -2.21418   4.84616   1192
-1.27449   -4.06864   -2.92577   4.91284   1193
1.00737   -4.233   -2.31383   3.89486   1194
-2.18618   -4.48411   -2.78421   3.59849   1195
-1.41786   -5.18921   -2.211   1.95463   1196
-0.713358   -5.81545   -2.18518   1.95313   1197
-1.21875   -4.59866   -1.86475   1.40991   1198
-1.54854   -4.36041   -0.862517   2.54848   1199
-0.680561   -5.74385   -2.75766   3.23918   1200
-0.856445   -5.25148   -1.85002   1.4371   1201
-1.5275   -4.29293   -1.97875   1.30934   1202
-2.04005   -6.88726   -0.397668   0.967382   1203
-2.78444   -6.55121   -0.595313   1.59527   1204
-1.85746   -6.99662   -0.478924   2.77421   1205
-0.619754   -6.75143   -0.90654   -0.103665   1206
-2.9854   -6.11402   -0.544567   1.23713   1207
-1.35521   -7.33607   -0.89702   0.641843   1208
-2.19313   -7.30199   0.314457   0.980233   1209
-1.9998   -7.07687   -0.212433   1.12071   1210
-2.68927   -6.79342   0.095159   1.00899   1211
-3.68157   -7.49598   -1.90485   2.28954   1212
-2.78759   -6.50528   -0.89584   1.65941   1213
-1.49255   -7.25964   0.316468   1.37878   1214
-3.56573   -6.21144   -1.84617   0.381736   1215
-2.21164   -6.3273   -0.804498   0.348358   1216
-1.92586   -6.53191   -1.86075   1.1257   1217
-1.1033   -4.97802   -0.886986   0.357471   1218
-1.36891   -5.11209   -1.61675   0.930135   1219
-1.16595   -5.91396   -1.00712   2.1992   1220
-3.12167   -6.27461   -0.42411   1.21436   1221
-2.77929   -5.18607   0.179052   0.427042   1222
-2.17369   -4.3765   0.560897   0.121785   1223
-3.27017   -4.99999   -0.626627   -1.16691   1224
-0.622918   -6.32827   -1.13145   -0.292311   1225
-3.14966   -6.50688   -1.07819   0.684382   1226
-1.88947   -6.59085   -0.705005   0.914243   1227
-3.67161   -6.53367   -0.323154   0.207959   1228
-1.69901   -8.11652   -0.900676   -0.431859   1229
-3.08266   -6.08122   -1.30263   0.758875   1230
-3.84568   -5.9223   0.555449   -0.128079   1231
-1.98537   -4.74576   -0.321897   0.830418   1232
-2.59239   -4.49719   -1.14959   1.24108   1233
-0.836746   -5.2211   -0.811951   0.405507   1234
-3.40921   -4.23817   -1.11443   0.398983   1235
-2.27321   -4.37079   -0.335996   1.32918   1236
-1.64382   -4.84328   0.014296   1.22042   1237
-0.810621   -4.54539   0.408834   0.11959   1238
-0.974516   -5.17924   0.224557   -0.445327   1239
0.0179713   -6.23286   0.171072   0.175668   1240
-0.634779   -6.50368   -0.462796   0.16735   1241
-1.64331   -6.83323   -0.879902   -0.581139   1242
-2.80277   -6.78095   -1.27474   1.08659   1243
-1.57168   -7.72771   -1.39845   1.59045   1244
-2.10845   -6.05268   -1.45958   0.950014   1245
-0.601804   -7.11939   -1.07608   1.23735   1246
-4.04342   -6.62786   -2.12182   1.29754   1247
-2.44755   -7.1079   -1.41174   -0.0453624   1248
-2.8496   -7.56152   -1.371   1.0399   1249
-2.82577   -9.20113   -0.829793   1.43217   1250
-3.85289   -8.43308   -1.72433   1.57526   1251
-1.27991   -8.39779   -0.775038   1.1053   1252
-2.19078   -7.62232   -0.177762   -0.166326   1253
-2.50227   -8.12668   -0.643837   0.993891   1254
-1.82634   -8.41351   -1.08925   1.30209   1255
-2.56535   -6.67005   -0.285381   -0.604355   1256
-1.82236   -7.01584   0.262606   -1.48911   1257
-2.94328   -6.17132   0.703811   -1.8572   1258
-1.42067   -7.45297   1.01125   -2.35009   1259
-1.43223   -6.28624   -1.09204   -1.08793   1260
-1.92455   -6.36645   -0.509197   -1.6215   1261
-1.03168   -5.30396   0.512823   -2.07332   1262
-3.20482   -5.03994   0.728403   -1.68335   1263
-2.0918   -6.07988   0.904184   -3.15772   1264
-1.98597   -5.57157   1.52245   -1.46324   1265
-2.21676   -5.40675   0.97494   -1.73545   1266
-2.2499   -6.30334   0.524395   -1.92954   1267
-1.06484   -6.30304   1.23287   -1.67082   1268
-2.01243   -5.59435   0.0700385   -2.17272   1269
-2.11299   -5.68585   0.264362   -3.49147   1270
-2.1797   -5.53406   -0.0495411   -3.00822   1271
-1.45009   -6.73597   -0.567522   -1.80361   1272
-3.45258   -5.57221   0.314906   -3.0518   1273
-1.79347   -6.68508   0.960436   -3.0315   1274
-2.56835   -5.83047   -0.893385   -2.32221   1275
-1.9212   -5.4899   -0.0191331   -1.61884   1276
-2.06071   -5.00973   -0.439954   -0.298556   1277
-2.7388   -5.78958   -0.791472   -0.390018   1278
-1.62801   -4.5986   0.24964   -0.387435   1279
-0.762525   -4.46458   -0.16255   -1.12223   1280
-2.74185   -3.26132   -0.12512   -0.907515   1281
-0.502371   -5.18147   -0.205083   -1.88671   1282
-2.31956   -5.09213   -0.579125   -0.59539   1283
-1.49067   -5.19623   0.0472376   -0.687037   1284
-1.70985   -5.32204   -0.852851   -0.168481   1285
-1.80558   -6.43345   -1.41618   1.71442   1286
-2.57935   -5.40979   -0.243463   0.479922   1287
-2.3169   -5.28725   -0.199842   -0.956662   1288
-1.8442   -5.87905   -0.258449   -1.46787   1289
-0.888578   -4.99076   -1.7835   0.612519   1290
-2.12991   -7.03607   -1.37342   -1.37461   1291
-3.80117   -6.1679   -0.418538   -0.466234   1292
-2.72825   -6.55851   -0.39658   -0.664746   1293
-2.63245   -6.71253   -0.721924   -0.00532137   1294
-4.42415   -6.47887   0.0923214   0.973364   1295
-0.822623   -8.98643   -0.477551   0.599321   1296
-2.70018   -6.32098   -1.0131   1.32036   1297
-1.92535   -5.86499   -0.0121493   -1.94841   1298
-1.72772   -5.80748   -0.33706   -1.41184   1299
-2.34967   -5.4153   -0.341935   -1.4564   1300
-0.708744   -5.38919   0.455852   0.159543   1301
-1.74462   -5.50283   -1.09323   0.703207   1302
-1.29743   -5.52252   -0.26624   -1.57928   1303
-1.92014   -7.05245   1.10763   -1.37839   1304
-2.24862   -5.95706   1.83352   -1.67493   1305
-2.64259   -5.99188   0.94613   -1.22469   1306
-2.59692   -4.98756   0.126099   -1.48167   1307
-1.77215   -7.11468   0.126448   -2.61728   1308
-1.9835   -7.28098   0.988547   -2.09038   1309
-3.89436   -6.28056   1.95927   -3.04131   1310
-4.27594   -7.07835   0.958959   -1.62813   1311
-2.69666   -7.52009   1.25118   -3.0531   1312
-1.75516   -8.08824   1.74959   -2.49497   1313
-2.64264   -7.52033   1.19343   -1.47195   1314
-1.33468   -8.48217   0.843632   -2.26536   1315
-1.61174   -7.46907   1.17591   -2.20767   1316
-2.42145   -7.48509   0.794538   -2.74124   1317
-0.826133   -7.47963   0.693152   -2.20569   1318
-3.26277   -7.60512   1.5553   -3.63962   1319
-2.46846   -7.53106   1.88529   -3.42045   1320
-2.36121   -6.93744   1.10412   -2.41735   1321
-1.82995   -5.53579   2.26676   -3.99916   1322
-3.0315   -6.60001   0.696168   -1.48275   1323
-2.46525   -7.46271   1.61771   -1.89812   1324
-0.732485   -7.3297   0.160791   -2.7992   1325
-1.42622   -6.2421   0.412682   -2.63162   1326
-1.91308   -6.0845   0.628353   -2.94471   1327
-3.22615   -6.21114   1.14264   -2.85784   1328
-2.92227   -5.68546   0.378802   -1.40601   1329
-1.25134   -5.05384   -0.601   -0.351781   1330
-0.244355   -7.88858   -1.67778   1.19269   1331
-1.12935   -7.78447   -0.185253   0.444694   1332
-0.954639   -7.16088   0.0388269   0.864291   1333
-0.568095   -8.30569   -1.19225   -0.0421569   1334
-1.1825   -5.87807   -0.973604   1.46497   1335
-2.18528   -7.06738   -1.86649   1.94269   1336
-2.34235   -6.81729   -1.25544   0.860583   1337
-2.24758   -6.14741   -0.953955   1.1409   1338
-1.71178   -5.98023   -2.46509   1.00132   1339
-0.808389   -5.69272   -0.901697   1.74227   1340
-1.96349   -5.39092   -2.44551   1.99036   1341
0.347341   -4.6752   -1.62803   1.3163   1342
-1.62219   -4.50838   -1.38707   -1.44164   1343
-0.98474   -3.37382   -0.0449134   -2.85131   1344
-0.215031   -2.78232   0.0248588   -2.51568   1345
-1.98464   -3.90546   -1.32802   -2.4625   1346
-2.45011   -4.20378   -0.779669   -0.746564   1347
-0.87518   -5.83515   -0.711865   -0.353383   1348
-2.30338   -7.28811   -0.356454   -0.26259   1349
-1.77136   -5.68379   -0.888185   -0.442353   1350
-2.40971   -6.9528   0.08465   -0.837868   1351
-3.26656   -7.1773   0.0418863   -0.358771   1352
-1.56576   -7.47601   0.857989   -1.11749   1353
-2.16556   -5.65148   -0.68508   -1.65815   1354
-0.954702   -5.78675   1.14629   -2.04144   1355
-2.11334   -5.1888   -0.472237   -2.71078   1356
-2.65303   -5.74641   1.44759   -2.59904   1357
-2.47077   -5.53632   -0.446053   -1.53448   1358
-2.1492   -5.30169   0.660186   -2.59577   1359
-2.20449   -4.37559   0.993048   -1.76139   1360
-2.56694   -5.43857   0.110341   -2.36501   1361
-0.987676   -4.70071   0.713766   -2.20282   1362
-2.21684   -5.13076   -1.51783   -0.534111   1363
-1.40859   -5.05847   -1.4153   0.0447197   1364
-1.53607   -5.44915   -0.486244   -1.12125   1365
-1.19498   -4.84399   -0.205447   -2.44349   1366
-1.69195   -4.67491   0.456954   -2.32494   1367
0.612803   -4.93501   -1.37465   -1.3082   1368
-0.569702   -1.87917   -1.26846   -1.36716   1369
-2.06507   -4.30497   -1.19047   -0.777643   1370
-0.448219   -3.84661   -1.6777   0.171711   1371
-0.942124   -4.77154   -0.985523   -2.39031   1372
-1.61221   -4.29708   -0.409248   -2.13984   1373
-0.0117858   -4.83019   -0.633435   -2.6335   1374
-1.85271   -4.82695   -1.00599   -2.58065   1375
-1.46452   -6.10162   -0.187276   -1.1125   1376
-1.14288   -4.06191   -0.122017   -1.62131   1377
-1.92583   -5.64452   -0.434119   -0.734757   1378
-2.19468   -5.01596   -0.87179   -1.88847   1379
-2.37304   -4.11406   -0.690814   -2.51844   1380
0.951997   -5.54218   -0.97421   -3.10709   1381
-0.473971   -3.61019   -0.50111   -1.40379   1382
-0.80469   -4.91457   -1.5273   -0.566963   1383
-1.03753   -5.34749   -0.369658   -2.14904   1384
-1.31518   -3.9558   -1.08372   -2.43826   1385
-0.553304   -5.15324   0.0522838   -2.74285   1386
-1.1362   -4.15305   -0.880775   -2.12516   1387
0.145415   -4.74344   -0.197347   -2.05635   1388
-1.46678   -4.34873   -0.833533   -2.37653   1389
-2.98042   -5.32558   0.600732   -3.52587   1390
-1.75865   -6.43062   -0.983231   -3.5805   1391
-2.187   -7.10318   -0.738307   -2.1158   1392
-1.75021   -5.4672   -0.361778   -2.75865   1393
-2.2321   -5.47407   -0.644092   -1.56441   1394
-2.46868   -4.7982   -0.892194   -2.74669   1395
-2.56401   -5.58498   -0.787287   -0.638312   1396
-0.639046   -4.75347   -0.190767   -2.20681   1397
-2.39418   -5.38159   -1.42203   -1.38961   1398
-0.409603   -5.98495   -1.73284   -2.08813   1399
-0.288605   -4.04638   -0.990741   -2.21628   1400
-1.11002   -2.68124   -0.306288   -2.21646   1401
-0.438131   -4.09827   -1.37313   -0.772256   1402
0.00171091   -4.89658   -1.10862   -0.198124   1403
-1.61528   -4.5859   -1.06329   -1.43618   1404
-0.347946   -4.34914   -1.0353   -1.83386   1405
-0.937965   -3.6686   -1.01457   -0.136609   1406
-0.414034   -3.29324   -1.66926   0.624282   1407
0.441118   -4.44449   -1.25802   -1.70328   1408
-0.463228   -4.76548   -1.59865   -1.8254   1409
0.705565   -2.81084   -2.44457   -1.71944   1410
-0.0620883   -2.22092   -1.69393   -3.95293   1411
1.5615   -2.4295   -0.875338   -2.03277   1412
-0.609508   0.0684986   -1.61578   -3.07367   1413
1.87662   -1.76957   -2.6364   -3.74924   1414
0.13211   -1.11415   -1.67808   -1.53691   1415
-0.270133   -1.1685   -2.06907   -2.80557   1416
0.283769   -2.19192   -2.77217   -0.209336   1417
1.83927   -2.41598   -3.20238   -1.93085   1418
1.03728   0.435961   -2.83165   -2.04381   1419
1.23389   -0.164444   -2.37635   -2.14148   1420
1.2632   -1.56704   -4.22194   -0.833434   1421
-0.787609   -1.15138   -2.83142   -0.869161   1422
2.03774   -1.59195   -2.02732   -2.80746   1423
-0.803107   -0.580729   -1.96976   -1.71786   1424
0.91956   -1.96996   -0.265407   -2.95673   1425
0.658894   -1.66921   -1.66142   -2.15288   1426
0.502504   -0.803696   -0.677833   -1.68837   1427
0.281995   -3.01642   -1.5232   -2.31851   1428
-1.20163   -3.39073   -1.06068   -0.924942   1429
-0.20383   -3.49195   -2.14947   0.0109609   1430
0.853511   -2.76731   -1.20778   0.676145   1431
0.0297254   -2.7576   -1.1715   -0.901685   1432
-0.659922   -3.26906   -2.22977   -1.02452   1433
-0.0860113   -4.10747   -0.933488   -0.785045   1434
-2.09438   -3.39478   -0.959031   -1.38536   1435
-1.40264   -3.11609   -1.79286   -1.51224   1436
-1.0693   -3.91148   -0.995509   -1.45785   1437
-1.02901   -3.62939   -0.730681   -1.58923   1438
0.402504   -2.57974   -1.25902   -1.455   1439
-1.23792   -2.52395   -0.865071   -2.12944   1440
-1.21711   -3.60555   -1.01692   -1.63177   1441
-1.38925   -2.68   -0.329815   -1.56558   1442
-0.758325   -3.31799   0.104828   -1.81704   1443
-1.42357   -3.57279   -1.79892   -0.477278   1444
-1.43651   -4.79725   -1.04577   0.195226   1445
-1.26622   -5.57404   -1.06645   -1.37799   1446
-3.72404   -4.91579   -0.332714   -0.322595   1447
-2.35225   -4.5117   0.598158   -0.212336   1448
-2.48564   -4.55367   -0.852388   0.636123   1449
-0.525915   -2.65762   -0.93077   -1.34632   1450
-1.07117   -3.36765   -0.691922   0.121621   1451
-2.66947   -4.4406   -1.00116   1.15754   1452
-1.13956   -5.16016   -1.70596   0.720762   1453
-1.55487   -3.66067   -0.428761   1.77203   1454
-1.5642   -3.73965   -0.836931   0.970718   1455
-2.38893   -6.38535   -1.124   -1.30649   1456
-1.39517   -5.97721   -0.044481   0.144778   1457
-1.32346   -5.42191   -4.21594   1.81076   1458
-1.53328   -6.96881   -2.91149   0.851435   1459
-0.243203   -7.38191   -3.26821   1.48466   1460
-2.17161   -7.07558   -2.95207   1.54574   1461
-1.98223   -7.72465   -0.0907877   0.972931   1462
-2.30783   -8.09312   -1.57018   0.527628   1463
-1.86086   -8.44565   -1.0664   1.11829   1464
-1.87523   -6.69231   -1.67358   0.794233   1465
-2.28292   -8.10997   -1.34561   0.982163   1466
-2.94115   -8.29539   -2.43956   1.59337   1467
-3.5893   -8.47837   -2.10742   1.32591   1468
-3.8083   -9.02399   -1.3417   2.77954   1469
-3.03372   -8.69992   -0.614823   -0.842283   1470
-2.1068   -7.67871   -1.55904   0.284428   1471
-1.43003   -7.87501   -0.588502   -0.534122   1472
-3.2232   -7.97307   -0.224893   -0.257813   1473
-3.11934   -9.17318   -2.15105   -0.0139688   1474
-3.12531   -9.06788   -0.127501   1.56051   1475
-2.49993   -8.45702   -0.951217   1.10293   1476
-2.97187   -8.91615   -0.425415   0.403255   1477
-2.24971   -8.908   -0.388414   0.76884   1478
-3.27407   -7.99745   -0.974979   -0.188217   1479
-2.87936   -7.79774   -1.31743   -0.704655   1480
-0.565938   -8.08894   -1.00139   -0.640099   1481
-2.73886   -7.94823   -1.58135   0.258593   1482
-2.514   -8.07821   -1.52307   0.948039   1483
-2.11891   -6.64117   -1.36107   -0.619014   1484
-2.23683   -7.55199   -1.57675   -0.578029   1485
-1.07325   -6.58922   -0.740442   0.179679   1486
-1.1766   -7.02928   -1.08068   0.290971   1487
-1.27798   -7.55059   -0.784697   0.640262   1488
-1.17289   -6.47203   -0.581837   0.714408   1489
-2.64525   -6.8427   -1.2163   1.30555   1490
-0.276775   -7.08504   -1.32829   0.361071   1491
-0.908471   -5.36592   -1.51924   0.981327   1492
-0.86171   -6.31071   -1.77134   2.20356   1493
-1.06305   -6.77392   -2.05261   1.48442   1494
0.0432944   -6.65556   -2.14597   2.54927   1495
0.168779   -5.487   -1.78966   1.17073   1496
-3.03528   -6.77129   -1.2306   0.341324   1497
-3.22414   -7.3327   -1.74486   1.1948   1498
-1.56287   -5.69751   -1.57169   0.712871   1499
-3.33589   -5.6361   -0.127363   0.691617   1500
-2.047   -6.96652   -1.79533   1.65761   1501
-2.20337   -8.13395   -2.02637   3.05281   1502
-1.04505   -6.80688   -1.81185   1.3481   1503
-0.852011   -7.53932   -0.143405   0.703556   1504
-2.24768   -6.58032   -0.532129   0.517821   1505
-1.54721   -6.95398   -0.201496   1.59642   1506
-1.8923   -6.85655   -0.672571   0.636646   1507
-0.481047   -5.50334   0.127204   -0.238667   1508
-0.99071   -5.28797   -0.4955   0.908408   1509
-0.872487   -6.41367   -3.05934   0.794834   1510
-0.287642   -5.48677   -1.76051   -0.0842067   1511
-0.230204   -5.08847   -1.04148   -0.493759   1512
-1.4051   -5.23788   -2.93124   -0.00608477   1513
-0.902055   -5.59231   -2.33516   -0.103858   1514
-0.556112   -6.01617   -2.52221   -0.629831   1515
-1.3173   -4.1619   -3.00796   -0.723536   1516
-1.82935   -6.42488   -3.783   0.394863   1517
-0.176339   -6.18196   -3.73002   1.30919   1518
-2.60033   -6.27676   -1.97391   1.33784   1519
-1.37856   -6.58218   -3.81935   0.907665   1520
-1.18589   -6.76566   -2.44935   0.80458   1521
-1.5088   -6.14819   -2.80469   0.306236   1522
-1.11041   -5.5274   -2.23436   1.04629   1523
-2.67224   -6.83541   -1.89634   1.98205   1524
-1.36619   -6.14124   -0.679513   1.42427   1525
-2.80862   -6.99041   -2.12242   1.95786   1526
-1.2271   -6.77252   -0.983504   1.68832   1527
-1.5169   -7.49706   -1.093   1.61884   1528
-1.74559   -7.16074   -2.319   0.84541   1529
-1.92646   -7.15034   -2.0752   0.748801   1530
-2.05827   -7.46393   -1.21576   1.42441   1531
-0.825997   -6.35738   -1.95645   0.96472   1532
-1.188   -6.50475   -2.84307   0.0497857   1533
-1.55472   -6.71422   -2.36595   2.27593   1534
-3.98694   -7.21036   -2.16332   2.29392   1535
-1.25579   -7.89461   -2.08067   0.494121   1536
-3.55658   -7.28921   -1.32952   0.802215   1537
-1.61069   -7.76746   -2.49837   1.45082   1538
-2.62992   -7.31151   0.15853   -0.0844567   1539
-4.03024   -7.33806   -1.26302   -0.264906   1540
-2.9251   -7.66007   -1.09318   -0.0265696   1541
-1.83166   -6.99154   -1.53104   0.816515   1542
-0.981405   -7.63416   -2.27555   -0.200622   1543
0.616847   -7.91981   -2.06522   -0.203278   1544
-1.06856   -6.46867   -2.10568   0.780004   1545
-1.22947   -6.92938   -2.89747   0.297571   1546
-1.61518   -5.71866   -1.29192   -0.175954   1547
-0.187166   -5.15837   -1.78171   -0.438709   1548
-1.73944   -6.473   -2.47286   1.42223   1549
-1.17012   -6.65249   -2.8538   0.844046   1550
-1.08   -6.42405   -2.37823   1.37828   1551
-0.154456   -6.13485   -3.00072   1.37436   1552
-0.132224   -6.78005   -3.00085   1.61177   1553
-0.99182   -6.26764   -0.972689   1.70267   1554
-2.00623   -7.22481   -1.92565   0.571241   1555
-1.94986   -6.10922   -2.04548   0.192605   1556
-2.35293   -8.47211   -2.19033   0.186828   1557
-3.75805   -6.96754   -1.18729   0.414401   1558
-2.70688   -7.41628   -2.54908   -0.341809   1559
-2.54782   -6.37173   -1.54214   0.743213   1560
-2.01838   -6.8298   -2.46818   0.0380923   1561
-2.20974   -7.4166   -0.769722   0.3687   1562
-1.35031   -7.72763   -1.46114   0.619425   1563
-2.85615   -7.85209   -0.619248   -0.53394   1564
-4.01123   -7.4521   -1.14005   -0.432822   1565
-4.6154   -8.27326   -0.95125   -0.185461   1566
-2.88987   -8.86364   -0.567939   -0.0704374   1567
-4.17887   -7.53893   -0.929806   0.411333   1568
-3.07959   -7.17509   -0.906804   -0.916895   1569
-2.58479   -7.69988   -0.120902   -0.178979   1570
-4.30858   -8.51106   -0.772113   -0.773396   1571
-3.74033   -8.46281   -1.19779   -0.579958   1572
-2.44456   -9.03937   0.252851   1.2475   1573
-2.68567   -10.3825   0.0339402   1.25934   1574
-3.47348   -9.32087   0.0115448   0.566941   1575
-4.09233   -8.47325   1.07398   -1.07709   1576
-1.19611   -8.69272   0.271188   0.0526673   1577
-3.91443   -7.732   -0.171638   -0.88561   1578
-1.8935   -8.33268   -0.132168   0.0599576   1579
-5.07645   -6.78677   -0.0440334   -1.35225   1580
-3.89257   -8.22359   -0.233301   -1.38113   1581
-2.5755   -8.87185   0.311631   -0.291323   1582
-3.26108   -8.56086   0.476133   -0.970288   1583
-4.20403   -7.41378   0.397141   -0.748811   1584
-2.49949   -8.28554   -1.03912   -0.429357   1585
-3.86882   -8.02826   -0.947835   -0.0323862   1586
-2.30516   -7.85342   -0.524176   0.203387   1587
-1.75871   -7.75148   0.171535   -0.898838   1588
-3.66093   -7.14948   -0.0947641   0.438078   1589
-2.32115   -7.71945   0.0379921   -0.23943   1590
-3.24047   -5.56771   -1.30711   -0.106896   1591
-3.93237   -6.61197   -0.467714   -1.03868   1592
-2.31705   -7.16019   -0.761094   -0.411403   1593
-3.50564   -5.76354   0.802996   -1.54688   1594
-1.79572   -8.18013   0.434841   -1.21371   1595
-1.74552   -6.82567   -0.40531   -0.35707   1596
-1.99723   -6.50446   -0.0710857   1.06263   1597
-2.08198   -4.6944   -0.841334   -1.52106   1598
-2.19937   -6.43562   -0.853452   -1.65303   1599
-2.42535   -5.86433   -0.285806   -1.44591   1600
-3.39123   -5.89353   -1.78641   0.817664   1601
-2.17751   -5.04695   -1.23613   -0.594799   1602
-1.85684   -6.8527   0.675455   -0.499573   1603
-2.24455   -4.88181   0.188149   0.000751855   1604
-2.26525   -5.66909   0.145205   0.25675   1605
-2.07342   -4.9467   -0.311355   -2.35025   1606
-1.16049   -5.28332   -0.945696   -1.98625   1607
-0.700277   -5.14109   -1.23141   -2.47063   1608
-2.13145   -5.51066   -0.509119   -1.33009   1609
-1.80453   -6.10104   -0.11957   -0.624219   1610
-1.86343   -5.34298   -0.727559   -1.02261   1611
-1.70281   -4.87363   -0.196792   -1.87013   1612
-0.0392701   -6.20947   -0.133961   -0.79222   1613
-0.765136   -5.43353   -0.352677   -1.60988   1614
-1.56165   -5.60106   -1.52571   -1.4413   1615
-1.37805   -4.3202   -0.874384   -2.03233   1616
-0.839829   -5.53249   0.0866824   -2.64779   1617
-1.8929   -4.27324   -1.33732   -0.436421   1618
-1.11609   -5.26311   0.78539   -1.96879   1619
-2.31994   -5.74168   -0.0862625   -2.73341   1620
-3.22174   -5.18637   0.259772   -1.67414   1621
-3.7742   -4.15854   -0.725908   -2.33801   1622
-2.44518   -5.35197   -0.0922548   -1.51764   1623
-2.1213   -4.47184   0.580742   -1.13945   1624
-2.86389   -5.90145   -0.268775   -1.34472   1625
-4.07184   -4.03826   -0.369992   -1.41838   1626
-1.77041   -3.94529   -1.05973   -2.89455   1627
-1.5389   -4.88515   0.152074   -2.19369   1628
-1.99823   -5.31954   0.191646   -2.21432   1629
-2.46301   -6.23458   -1.63626   -2.31446   1630
-1.73976   -4.85321   0.249161   -1.36667   1631
-3.21994   -4.50236   -0.0710772   -1.1397   1632
-2.11569   -6.51309   0.289913   -1.61487   1633
-2.64454   -5.36278   -0.379394   -1.75572   1634
-2.80068   -5.45787   0.439368   -0.573065   1635
-1.37659   -4.55902   -0.426666   -1.46621   1636
-1.2582   -4.39591   0.161596   -1.51195   1637
-1.45501   -3.86638   -0.333524   -2.31505   1638
-1.98442   -5.96324   -1.23836   -0.580584   1639
-2.27039   -5.05918   -0.333977   -0.709683   1640
-1.43492   -4.69644   0.517541   -2.331   1641
-1.45895   -5.15094   -0.522218   -1.64562   1642
-2.3669   -4.29496   0.235338   -1.87403   1643
-0.556295   -5.958   -1.10963   -1.15325   1644
-1.06247   -5.50772   -0.206767   -3.28645   1645
-2.49343   -3.50554   1.14891   -1.96684   1646
-2.36733   -3.86238   1.23268   -2.66562   1647
-2.02287   -5.10006   0.438128   -2.88141   1648
-2.93491   -3.56316   -0.539234   -1.38828   1649
-1.9078   -4.73405   0.539098   -2.03539   1650
-1.81424   -5.31021   -0.0401744   -2.32652   1651
-1.7941   -4.93307   -1.04562   -0.305531   1652
-1.59158   -4.62771   -0.0388422   -2.13672   1653
-3.52658   -5.38895   -0.865603   -1.97069   1654
-1.49254   -7.03884   -0.571034   -0.079752   1655
-1.44492   -6.63625   -1.14442   0.0816641   1656
-2.0457   -5.07274   0.757124   -0.361398   1657
-2.59358   -5.8479   0.0100818   -0.294972   1658
-0.964046   -5.87532   -2.13199   0.217755   1659
-3.1428   -5.76534   0.514846   -1.24975   1660
-2.43708   -7.28696   0.187818   -1.02881   1661
-1.97348   -7.74994   0.15101   0.0149704   1662
-1.84206   -6.48578   0.96741   -1.40085   1663
-2.92352   -6.15723   -0.251918   -1.07595   1664
-2.77247   -7.00619   -1.62441   -0.875012   1665
-2.50357   -7.70714   0.145363   -1.76239   1666
-1.61969   -6.88195   -0.483963   -0.624161   1667
-2.32571   -6.01149   0.491972   -1.40266   1668
-2.58075   -5.4739   -0.834303   -2.02448   1669
-0.646984   -5.05571   0.839466   -1.61118   1670
-2.88755   -5.12286   0.183052   -0.509995   1671
-2.15316   -5.47121   -0.410769   -2.8858   1672
-2.93313   -5.87852   -0.0734645   -1.5212   1673
-2.48904   -5.65508   -1.12898   -0.811109   1674
-1.51704   -3.72524   0.646302   -1.78586   1675
-2.0055   -5.0043   -0.532767   -1.75615   1676
-0.229443   -3.30922   -0.546394   -2.66742   1677
-0.533464   -2.9418   -0.206031   -2.78788   1678
-0.271633   -3.86623   -1.9683   -3.37172   1679
-1.86618   -2.84077   -1.21691   -3.67423   1680
-1.38405   -3.83249   -0.170229   -3.10274   1681
-1.68055   -2.88436   0.129614   -3.47785   1682
-3.44263   -3.83252   -0.719762   -3.08523   1683
-0.916666   -4.66463   -0.782261   -2.36888   1684
-2.90302   -4.04963   -0.483673   -2.90813   1685
-2.29948   -4.71014   -1.07807   -1.69054   1686
-0.0339181   -4.75134   1.13009   -4.53758   1687
-2.50577   -3.5275   -0.325368   -3.23936   1688
-3.54909   -4.47147   -0.935468   -3.44151   1689
-1.29986   -6.27696   -0.958318   -3.62366   1690
-2.07334   -4.90986   -1.33909   -4.21061   1691
-1.59686   -5.19067   -0.426161   -5.01224   1692
-1.3778   -4.37152   0.0299553   -2.79842   1693
0.404025   -5.86867   -0.396002   -2.30854   1694
-1.74085   -4.63774   -0.508071   -1.06555   1695
-1.45049   -4.64844   -0.125411   -3.08225   1696
-1.09413   -5.06245   0.333891   -2.65001   1697
-2.9222   -4.38078   0.625441   -3.89979   1698
-0.517353   -5.86161   0.244087   -4.85123   1699
-2.0799   -5.74288   0.236574   -4.51885   1700
-3.46148   -5.58923   -0.0590619   -2.03068   1701
-1.58321   -6.52613   0.0142801   -1.53406   1702
-2.13429   -5.04778   -1.28292   -1.34835   1703
-1.02842   -6.80129   -0.19584   -1.37102   1704
-2.51549   -6.05004   1.50198   -1.98774   1705
-2.50409   -6.90764   -0.717806   -0.647983   1706
-1.78708   -5.44307   -0.187528   0.52   1707
-3.31724   -6.8613   0.851456   -0.798375   1708
-3.47413   -7.72071   0.82631   0.14136   1709
-3.18677   -8.66848   0.849215   0.704863   1710
-3.88967   -9.01548   1.39694   -0.293652   1711
-4.25267   -6.99827   -0.203809   0.248377   1712
-2.10557   -5.53306   0.361591   -0.907908   1713
-4.49556   -6.66728   0.0882406   -2.21133   1714
-3.91755   -7.26187   0.837609   -0.322249   1715
-1.01013   -4.84701   -0.571607   -0.386329   1716
-0.455575   -5.19383   0.589661   1.54848   1717
-1.14361   -5.51456   1.2384   -0.728365   1718
-2.25059   -3.87335   0.45445   -2.1896   1719
-1.18128   -4.09699   0.464995   -2.30222   1720
-2.67655   -5.17791   1.83631   -2.50725   1721
-2.73367   -5.92038   1.5586   0.0101525   1722
-2.76075   -5.83251   1.87939   -0.0225409   1723
-2.35875   -5.37293   1.64815   -0.66203   1724
-2.45439   -4.25229   2.34517   -1.4643   1725
-1.79386   -5.54777   1.45591   -0.70399   1726
-2.13024   -5.23531   1.61053   -0.171914   1727
-2.92339   -5.31061   1.13383   0.118518   1728
-2.52334   -5.3197   1.77206   1.32448   1729
-1.99415   -5.35318   0.503895   -0.974848   1730
-1.0071   -4.97694   -0.282821   0.722185   1731
-2.11021   -5.24236   0.0724398   1.48207   1732
-3.01341   -5.80439   -1.05971   2.23228   1733
-0.546425   -6.56377   -1.78251   1.18845   1734
-2.20312   -5.7287   -1.48506   2.45219   1735
-2.19529   -4.54459   -1.08576   1.76967   1736
-1.1135   -5.44529   0.0628004   2.60311   1737
-2.13165   -4.44322   -1.03601   2.40602   1738
-2.54309   -4.89767   -0.479534   1.6581   1739
-2.03805   -6.51896   -0.0868784   0.351432   1740
-3.51401   -5.33972   -0.168198   0.337757   1741
-2.05394   -6.49965   -0.0220872   0.276386   1742
-2.2263   -4.83453   0.547584   1.0028   1743
-1.53361   -5.83995   -0.770118   1.56075   1744
-2.16378   -5.88561   -1.52394   1.43085   1745
-2.10758   -7.25593   -0.119397   1.20205   1746
-1.91031   -7.30544   -0.0282137   1.54167   1747
-4.70051   -5.64565   0.135512   1.20987   1748
-1.85979   -6.9855   0.715254   0.169677   1749
-2.24861   -5.39908   1.88084   1.1485   1750
-1.93962   -4.97104   0.933862   1.62499   1751
-0.108609   -5.39889   0.815609   0.295609   1752
-1.18171   -6.45142   0.732149   0.881763   1753
-2.5117   -7.07922   0.415325   -0.550186   1754
-2.71769   -7.72898   -1.02184   -1.11564   1755
-3.4066   -6.73456   0.789738   -0.663438   1756
-3.45478   -8.27947   0.238334   0.559067   1757
-3.25832   -7.65902   -0.774901   0.360491   1758
-1.86786   -7.38841   0.625351   1.69445   1759
-3.20981   -8.63767   0.336454   1.10235   1760
-3.83944   -6.83075   -1.19111   0.809174   1761
-2.34088   -6.94192   -0.555236   0.388545   1762
-3.19204   -5.50606   0.556053   -0.545196   1763
-2.40721   -6.34159   -0.29117   -1.12485   1764
-1.6116   -4.91001   0.328494   -1.02578   1765
-1.52252   -5.63283   0.117724   1.2827   1766
-1.21196   -6.13632   -1.64292   1.55917   1767
-2.87775   -5.34077   -0.891406   -0.144128   1768
-1.48584   -5.02642   -0.23599   -1.85562   1769
-2.02297   -3.46673   -0.403309   -2.62707   1770
-1.60762   -3.20878   0.302451   -1.19848   1771
-2.23594   -3.55643   0.967634   0.186039   1772
-2.21467   -5.02576   1.58002   -0.263463   1773
-3.47014   -4.20146   -0.931815   -0.539373   1774
-1.99149   -4.03438   0.642736   -1.50856   1775
-2.18715   -3.27531   -0.471341   -0.140934   1776
-1.76936   -2.83204   0.0281921   -0.785002   1777
-3.3049   -3.44361   -0.502199   -0.129069   1778
-3.44101   -4.05381   -0.223979   -0.988563   1779
-2.19015   -4.12176   0.10301   -0.923413   1780
-2.88345   -4.31518   0.0771507   -1.3643   1781
-2.26189   -5.21232   0.531834   -1.91521   1782
-2.70968   -6.25709   0.247528   -0.902851   1783
-3.09929   -5.68425   0.182766   -1.64227   1784
-2.46289   -5.26638   -0.380464   -1.56683   1785
-3.02937   -6.14039   0.438749   -0.949549   1786
-2.66627   -5.73823   1.51916   -2.53876   1787
-1.67911   -6.21626   0.837768   -3.17696   1788
-3.64339   -5.30893   0.590964   -1.68995   1789
-3.11676   -5.9783   0.278114   -1.09229   1790
-3.37108   -6.82094   -0.115975   -1.34555   1791
-2.86176   -7.45218   0.604248   -2.44695   1792
-1.26519   -7.62355   0.11353   -0.627344   1793
-2.10974   -6.95328   -0.783242   -0.544213   1794
-3.50493   -7.55162   -0.870929   -0.644839   1795
-2.33873   -6.92506   -0.464627   -0.451898   1796
-2.67682   -6.73831   -1.3861   -0.30765   1797
-1.67519   -7.07817   -1.82989   -1.68012   1798
-2.98135   -6.4524   -0.000749095   -1.9447   1799
-2.79167   -6.55067   -0.233686   -1.56885   1800
-3.26423   -5.62907   -0.200192   -2.4857   1801
-1.96887   -6.66249   0.314475   -0.200842   1802
-2.97927   -7.38357   0.843079   -2.4452   1803
-2.37367   -7.00343   -0.394174   -2.22579   1804
-1.61477   -6.96847   0.0746391   -1.59951   1805
-2.63116   -8.26091   -0.290715   -1.31063   1806
-1.12978   -7.60052   0.142233   -1.19623   1807
-2.50327   -6.28914   0.221145   -0.981389   1808
-1.8152   -6.70126   -1.06504   -0.284352   1809
-1.67317   -6.47397   0.604552   -1.49298   1810
-4.44315   -7.36512   -0.764568   -0.597334   1811
-2.48516   -7.29342   -0.266684   -1.15621   1812
-2.15714   -7.59123   -1.55908   -0.537228   1813
-2.68874   -6.10854   -0.8795   -0.123957   1814
-2.20078   -6.23764   -0.580319   -0.422198   1815
0.0818871   -6.53131   0.247401   -1.70369   1816
-2.37466   -6.87986   -1.39508   -0.449389   1817
-1.58618   -8.45975   -1.6158   -0.0763803   1818
-2.39052   -7.55002   -0.544804   0.20301   1819
-2.82281   -6.9386   -1.09376   -0.301506   1820
-2.55418   -7.21133   -0.460721   -1.75208   1821
-2.53717   -8.64379   -0.633635   -0.712893   1822
-3.43806   -7.824   -0.024959   -1.87742   1823
-3.17735   -6.74493   -0.118203   -2.71096   1824
-1.6845   -6.95182   -0.0801895   -1.36445   1825
-2.02768   -5.47617   -0.297059   -1.97086   1826
-1.32605   -5.76705   1.48313   -3.83048   1827
-2.10677   -6.70448   0.00493386   -2.79065   1828
-3.85622   -5.41328   -0.555991   -1.51952   1829
-0.60196   -7.30095   -0.92763   -2.17502   1830
-2.61163   -5.64358   -1.16502   -2.16276   1831
-0.723446   -5.85401   -1.96192   -1.83325   1832
-0.491722   -4.03355   -2.70088   -1.07927   1833
-0.168072   -5.14515   -2.4887   -0.607517   1834
-1.63078   -4.74041   -2.40925   0.876275   1835
-1.22028   -5.67544   -2.08007   -0.196005   1836
-0.0351157   -5.94878   -1.62896   -0.12796   1837
-1.51569   -5.18483   -2.06983   0.833636   1838
0.17424   -6.07861   -1.56476   -0.566206   1839
-2.47624   -3.87403   -1.65073   -0.828766   1840
-0.638102   -4.66473   -1.8264   0.96229   1841
-0.779334   -6.03686   -2.08168   1.45419   1842
-1.60618   -5.68036   -1.79847   0.154533   1843
0.185974   -6.30282   -2.80053   -0.22836   1844
-0.584836   -4.64801   -1.49393   -0.358837   1845
0.716475   -4.73454   -2.48533   1.13593   1846
-0.427377   -4.46258   -1.51456   -0.972867   1847
-0.459586   -5.36707   -1.86045   0.68302   1848
-2.19849   -7.51811   -2.04431   0.0938703   1849
-1.24714   -7.14798   0.306349   -0.757529   1850
-4.23037   -6.89537   -0.415894   -0.144982   1851
-1.91591   -7.2708   0.265188   1.74959   1852
-3.52885   -7.86022   -0.526433   1.6821   1853
-2.20827   -7.33222   -0.0599598   -0.0574352   1854
-3.79593   -7.44842   -1.07938   0.141695   1855
-4.09492   -8.21564   -0.880395   0.350621   1856
-2.45891   -7.24261   0.0108347   -0.701031   1857
-2.85719   -6.32258   -0.73638   1.14344   1858
-3.7454   -6.56947   0.514604   -1.35584   1859
-2.19749   -6.66639   0.0769664   -0.441015   1860
-1.90055   -7.57114   0.00541506   -0.00836457   1861
-2.44128   -6.80355   -0.415899   0.27374   1862
-3.64568   -8.00726   -1.4074   1.56119   1863
-2.44492   -5.44844   -0.990588   1.68523   1864
-1.39437   -7.18406   -1.31668   1.06944   1865
-1.82452   -6.67206   -0.816196   3.35161   1866
-3.58585   -5.06759   0.0450344   1.7906   1867
-1.69963   -4.9748   1.08186   0.412965   1868
-1.27869   -5.05423   1.33294   0.50875   1869
-2.52756   -5.65168   -0.114259   0.953453   1870
-3.58419   -5.84034   -0.518798   1.99074   1871
-2.56925   -6.56806   0.114896   -0.920355   1872
-4.19156   -5.92506   0.979447   -0.261562   1873
-3.08022   -6.2506   1.82845   -1.381   1874
-2.47904   -5.68116   1.08783   -2.56608   1875
-3.41002   -6.23675   0.709307   -0.942014   1876
-3.89821   -6.83199   -0.665529   0.121202   1877
-3.01693   -6.21472   0.0327749   0.466025   1878
-4.02699   -7.12589   -1.1101   -1.14951   1879
-2.95299   -6.39222   -0.491523   -1.02422   1880
-2.78247   -6.76686   0.053673   -1.88215   1881
-2.28346   -7.38767   -1.12841   0.222692   1882
-1.23679   -7.67862   -0.764106   1.08251   1883
-3.04347   -6.48034   -1.54209   -0.224058   1884
-3.03068   -5.54275   -0.836665   -0.0162306   1885
-1.6752   -5.9455   -0.339895   0.524584   1886
-2.67865   -4.46863   -0.0672873   -1.91542   1887
-1.7896   -5.25295   -0.143674   -1.01582   1888
-2.21975   -5.91812   -0.39825   -0.218977   1889
-2.64999   -6.63384   -0.0935643   0.168527   1890
-3.64688   -5.56974   -0.133467   -1.77833   1891
-3.92277   -5.5542   -0.127448   -1.60334   1892
-2.40128   -6.17664   0.506368   -1.6875   1893
-1.30341   -6.67261   -0.0985946   -1.90693   1894
-2.31595   -8.10931   -0.0582097   -0.936729   1895
-2.11174   -5.74362   0.294957   -2.33909   1896
-1.29923   -5.25118   0.306536   -3.71152   1897
-2.83407   -6.27865   0.0893602   -1.21123   1898
-2.09588   -6.56414   -1.516   -0.943985   1899
-0.941643   -7.42031   0.268915   -1.68807   1900
-3.09626   -6.63227   -1.34803   -2.24011   1901
-1.56047   -5.98158   -0.0825472   -2.60489   1902
-2.66859   -5.43929   -0.459467   -2.74402   1903
-2.23811   -5.6087   -0.357521   -2.43413   1904
-1.8711   -7.012   -0.224261   -2.00148   1905
-2.76857   -5.45558   0.269637   -2.46015   1906
-2.5644   -6.66884   -0.284905   -2.20704   1907
-2.41091   -4.61015   -0.464155   -1.68507   1908
-2.04118   -5.25391   -0.687704   -1.9418   1909
-1.43142   -5.24379   0.324933   -0.0641668   1910
-2.67482   -6.12067   -1.02975   -1.7895   1911
-0.511748   -7.34422   -1.34332   -1.01979   1912
-3.03016   -7.13485   -0.90007   0.0410201   1913
-1.93983   -5.89808   -0.604169   -1.99646   1914
-3.07064   -5.93042   -0.522481   -0.298449   1915
-3.22013   -7.35355   -1.5691   -0.752554   1916
-2.94402   -6.30833   -0.56757   -1.00927   1917
-2.00316   -7.96006   -0.768644   -1.75159   1918
-2.82485   -6.40882   0.333874   -1.5268   1919
-2.39015   -7.10834   0.260271   -2.75144   1920
-2.01459   -7.47786   0.510014   -2.41073   1921
-1.9265   -6.58636   1.3952   -1.94355   1922
-2.53816   -7.7838   -1.23837   0.102128   1923
-2.65232   -5.52665   -0.685614   -0.740641   1924
-2.05787   -5.90988   -1.12469   -0.970804   1925
-0.933145   -4.3762   0.536647   -1.51925   1926
-2.91072   -4.95302   -0.784264   -0.642215   1927
-0.957074   -5.95009   0.231779   -2.26646   1928
-3.96691   -6.69814   -0.535861   -0.885425   1929
-3.41202   -7.90275   -0.619039   -0.487494   1930
-1.37033   -6.60207   0.0135331   -2.15558   1931
-2.43355   -6.84443   -0.560687   -0.101345   1932
-1.67862   -6.60102   0.563209   -0.444655   1933
-2.39944   -5.88842   -0.0803565   -1.25404   1934
-3.50712   -6.72073   -0.399003   -1.23926   1935
-2.42492   -7.15736   -1.0578   -0.719482   1936
-2.29735   -7.0226   0.264413   0.515739   1937
-1.58977   -6.95843   -0.26047   0.25161   1938
-1.73519   -7.308   0.903904   -1.02284   1939
-1.44795   -7.22609   -0.435859   -1.98905   1940
-0.976183   -5.82195   0.876345   -1.54784   1941
-1.76663   -5.02947   0.692313   -1.62954   1942
-1.60314   -5.41594   1.57693   0.0567239   1943
-2.21252   -5.4983   -0.290069   -0.472695   1944
-2.54785   -6.16822   -1.24236   -1.26492   1945
-1.26312   -6.70029   -0.281125   -0.391131   1946
-1.62879   -5.4904   -1.50487   -0.744568   1947
-0.952895   -5.11919   -0.471781   -2.02494   1948
-0.114624   -5.84758   -0.862909   -1.72928   1949
-2.29759   -5.22966   -0.681329   -1.63326   1950
-2.1167   -4.56271   -0.264264   -1.28546   1951
-2.2289   -5.92783   0.49702   -1.25934   1952
-3.01926   -5.08675   1.93962   -1.57005   1953
-3.62852   -4.3484   0.954375   0.497721   1954
-2.24051   -4.3113   -0.282499   -0.650856   1955
-2.74693   -5.97693   0.88819   -2.24946   1956
-2.63464   -5.34377   0.819281   -1.08791   1957
-1.79404   -5.23951   1.75089   -0.821095   1958
-2.04911   -5.1084   0.875383   -0.484604   1959
-1.97354   -6.03783   0.899939   0.59157   1960
-1.27462   -5.7261   0.739922   -0.24615   1961
-1.93597   -5.78457   1.77597   0.276495   1962
-3.33633   -5.40484   1.26408   2.15169   1963
-1.92148   -5.91976   2.13275   1.04437   1964
-3.05985   -5.84967   0.613974   1.17998   1965
-3.59351   -5.1808   2.09651   2.08027   1966
-4.13773   -4.883   1.20068   1.50912   1967
-2.64773   -5.44521   0.930117   2.10252   1968
-2.67852   -5.83878   0.404719   1.22822   1969
-3.03107   -4.21808   0.486135   2.00341   1970
-3.01055   -4.20224   2.0155   1.81672   1971
-2.63332   -5.78376   1.57805   0.892371   1972
-4.04146   -4.44983   1.8261   0.816865   1973
-3.3802   -6.21159   1.38931   1.61865   1974
-2.37438   -5.15641   1.13207   2.49236   1975
-1.45306   -3.51356   0.431218   1.62352   1976
-1.70567   -3.08039   0.642159   1.31516   1977
-2.08619   -4.13316   0.698462   2.4944   1978
0.592721   -2.85138   0.0247741   1.89842   1979
-2.01417   -1.65503   -0.0467532   2.32841   1980
-2.19178   -3.2197   -0.213834   2.40917   1981
-1.68093   -2.8142   -0.070476   2.41109   1982
-1.04092   -2.51801   -0.602307   3.55026   1983
-0.148848   -3.50256   -1.29865   2.79468   1984
-1.67788   -4.7201   -1.32591   2.01967   1985
-1.61084   -4.06947   -1.0455   1.9682   1986
-0.859645   -4.20534   -0.640269   2.64441   1987
-1.0879   -4.67845   -1.34123   2.10405   1988
-1.25018   -4.98052   -2.48782   3.29585   1989
-1.56114   -5.60471   -2.11462   2.55023   1990
-0.66294   -6.04489   -2.8469   1.24371   1991
-1.22617   -5.04738   -2.50663   1.14814   1992
-0.913897   -3.67142   -0.9469   2.12856   1993
-0.191047   -5.52091   -1.94694   0.558007   1994
-2.58739   -3.55861   -1.30993   0.639215   1995
-0.999129   -3.77036   -1.58494   1.20048   1996
-2.39226   -4.66924   -1.05351   1.32406   1997
-0.125861   -5.09204   -1.39741   1.08831   1998
-1.51279   -5.48266   -1.02775   1.88051   1999
-1.25958   -3.65787   -2.42932   2.13923   2000
-1.13529   -3.88005   -1.77732   2.91618   2001
-0.183573   -4.38631   -1.47725   3.96067   2002
-1.87188   -3.79708   -2.05572   2.26963   2003
-2.34543   -4.64532   -1.2523   2.87942   2004
-0.553185   -4.26192   -1.66996   3.11947   2005
-1.75   -4.23114   -2.02676   1.12646   2006
-1.84813   -5.16797   -0.631963   1.37635   2007
-1.73387   -5.13196   -1.68748   1.21206   2008
-1.8793   -5.62578   -1.54045   -0.412134   2009
-1.09761   -5.2374   -1.05835   -0.0230442   2010
-1.78531   -5.43072   -1.14784   -0.35445   2011
-2.63654   -7.14903   -1.70351   0.628321   2012
-3.02788   -7.28635   -1.39125   -0.25731   2013
-3.13271   -7.33347   -1.40205   0.636735   2014
-3.12559   -8.39099   -2.16627   0.629091   2015
-2.34484   -8.33024   -0.416145   -0.273824   2016
-3.04808   -6.54639   -0.360923   -0.696496   2017
-0.869177   -6.31313   -0.55287   -0.357919   2018
-3.40377   -5.65531   -1.51407   -0.615923   2019
-1.54565   -7.15292   -0.525101   -1.05133   2020
-2.29303   -5.57986   0.218288   0.105819   2021
-2.14529   -5.67116   -1.11117   1.08652   2022
-1.39282   -7.94169   -1.69265   0.995106   2023
-2.16713   -6.35409   -0.529882   0.833625   2024
-0.770752   -5.89466   -0.273672   0.32187   2025
-2.24106   -5.28235   -0.275007   0.325031   2026
-1.26978   -5.95844   -0.514542   0.199913   2027
-2.56402   -5.38196   -1.39886   0.339603   2028
-1.21952   -5.58282   -0.745122   0.309094   2029
-1.69464   -6.27417   -1.34172   0.926192   2030
-1.27362   -6.50744   -1.95279   0.0731889   2031
-2.55526   -6.74748   -1.51446   1.44457   2032
-2.73622   -5.46449   -1.64592   2.70405   2033
-3.22853   -6.34444   -2.11934   3.46546   2034
-2.20727   -6.52907   -1.37948   1.66076   2035
-0.845593   -6.55313   -1.92509   2.22793   2036
-3.61749   -5.78306   -1.58198   3.62827   2037
-3.95478   -7.39728   -1.70171   3.92881   2038
-3.3246   -7.20169   -1.98764   0.988232   2039
-3.85011   -4.97525   -2.31548   2.81258   2040
-1.33744   -4.78959   -3.06294   2.81262   2041
-2.81214   -6.05952   -2.32574   2.40963   2042
-0.115415   -3.61853   -2.51419   2.73381   2043
-1.19564   -4.2065   -2.16489   0.979322   2044
-0.901089   -4.2808   -2.16062   1.66649   2045
-1.13433   -3.33958   -1.64532   2.95767   2046
-1.53028   -4.37033   -2.0609   2.66945   2047
-0.353622   -3.46628   -2.2243   0.779551   2048
0.381282   -3.85512   -1.98071   2.45872   2049
0.369034   -3.20806   -1.78677   2.05552   2050
-0.681688   -1.87374   -1.9548   1.88752   2051
-0.0929475   -1.40916   -2.44008   1.90123   2052
0.670121   -3.03631   -2.92661   0.728622   2053
-0.32579   -2.26022   -1.7271   1.70389   2054
292.01   -68.0473   5.57727   -0.024029   2055
