> Eigen values
0.00116469
0.00145533
0.00161064
0.00202649
0.00309955
0.00394945
0.00444586
0.00632086
0.00657932
0.00838677
0.00968756
 0.0153337
 0.0177129
 0.0199675
 0.0239033
 0.0276345
 0.0341466
 0.0370795
 0.0383593
 0.0394938
 0.0506613
 0.0537877
 0.0593856
 0.0741947
 0.0927855
 0.0996131
  0.116152
   0.12489
   0.17147
  0.179312
  0.270209
  0.298619
  0.410115
  0.434058
  0.788187
   1.01659
   1.69586
   2.46156
   8.39356
> Eigen vector no1
   0.131614   -0.531986   0.0302416   -0.267811    0.682534   0.0550767    0.183449   -0.126948  -0.0845754 -0.00758669   0.0301112   0.0353939  -0.0114517   0.0183956   -0.011019 0.000701935  -0.0368031  -0.0200755   0.0174843 -0.00900377   0.0249735  -0.0232447   0.0394104 -0.00573152   0.0697049  -0.0703425   0.0173031   0.0350165   0.0224732  -0.0637953   -0.135518   0.0202697    0.059932   -0.114711   0.0666342   0.0907863    0.119007  -0.0461648   -0.114501
> Eigen vector no2
 0.0533466 0.00020717 -0.0420684   0.103415  -0.108584 -0.0458222 -0.0945133  0.0988061 0.00548032  0.0677999 -0.0230178  0.0727645   -0.11167  0.0668605 0.00920188 0.00936484 -0.0487863 -0.0254253 0.00186325  0.0422044 -0.0364005  0.0227991 -0.0423407  0.0168935 -0.0898834  0.0794351 -0.0486505   0.584858   -0.23308  -0.216295  -0.598728   0.145137   0.256823  0.0208024  0.0495396  0.0676791  0.0450681  0.0295536 0.00326376
> Eigen vector no3
   0.0276863    -0.309961   0.00573256     0.340881    0.0553333    -0.209414    -0.490727     0.431023     0.256416       0.1013    -0.185296    -0.042627  -0.00576822   -0.0428762   -0.0568616    0.0054041    0.0475694    0.0146112  -0.00996625   -0.0306908    0.0290622   -0.0194916    0.0192675    0.0176187    0.0305619   -0.0302161   0.00431893    -0.065926    0.0368599    0.0198847     0.145547    0.0347241 -0.000284381    -0.275903    0.0392282     0.085681     0.221838     -0.07599     -0.14265
> Eigen vector no4
  0.0555341   -0.231813   0.0561672 -0.00656386    0.202484  -0.0634714   -0.143916     0.24237    0.092518   0.0827295   -0.212089  -0.0408774  -0.0319178    0.010673  -0.0506949   0.0297461  -0.0107728    0.032854  -0.0166275   0.0155277  -0.0234828   0.0187997  -0.0276876   0.0206205  -0.0555012   0.0868444  -0.0480044  -0.0383052  -0.0537936   0.0802002  -0.0826227    -0.11237   -0.152693    0.603335  -0.0985822    -0.12297   -0.450957    0.193772     0.22089
> Eigen vector no5
  -0.00258   0.126228   0.179343  -0.227083    0.11597 -0.0443239   0.123984  0.0879479 -0.0494988   0.242655  -0.283155  0.0303034  -0.171618   0.142708 -0.0255311  0.0106822 -0.0632933 -0.0390082  0.0510741 -0.0506827  0.0170655  -0.044932  0.0500202 -0.0231911   -0.28198   0.304622  -0.156092   0.215032  -0.284779   0.176201   0.401584   0.129543   0.118713  -0.222394  -0.171041  -0.115435 -0.0750047 -0.0740484 -0.0489311
> Eigen vector no6
 -0.0263349   -0.130654  -0.0350188    0.184652    0.127498  -0.0786685   -0.148769   -0.226627   0.0829884   -0.215536    0.315306   -0.148572     0.25334   -0.232977  -0.0275309  -0.0595242    0.145802    0.155535   0.0197577  -0.0445674  0.00193514  -0.0350964   0.0291837  -0.0348273  -0.0351162   0.0262368   0.0592129    0.195532   -0.130952   -0.128839    0.237609    0.254453    0.251379  -0.0836123   -0.206189   -0.310567   -0.222415 -0.00289158    0.212175
> Eigen vector no7
   0.035198    0.163584    0.175336   -0.166415    0.102605  -0.0754159  -0.0291969  -0.0159215    0.134362   -0.144241   -0.019774   -0.302146    0.388629   -0.284888 -0.00908186  -0.0793624    0.249064    0.120383  -0.0594035 -0.00171953   0.0529989   0.0336854   -0.114653  -0.0114038   -0.217764    0.253445  -0.0955281    0.116173   -0.170049    0.140092   -0.116081   -0.214105   -0.205492   0.0785998    0.199401    0.194562    0.165905   -0.139818   -0.120925
> Eigen vector no8
 -0.185629  -0.234291  -0.267258   0.136075 -0.0627454   -0.06948  -0.013422  -0.164398  0.0134822 -0.0567829   0.241993   0.161726   -0.11641   0.042273  0.0292359  0.0853726 -0.0752516 -0.0930687  0.0545719  -0.235902  0.0968284  -0.121884   0.345674  -0.060283  -0.218705   0.161626  -0.131511   0.104501  -0.176029   0.235188  0.0409638  -0.137236   -0.29507  0.0530458   0.118629  0.0467783   0.247451   0.136785    0.24033
> Eigen vector no9
   0.113279    0.106486    0.300155  0.00345929   0.0692593   -0.720557  -0.0606269   -0.226535    0.118827 -0.00270016    0.247395   0.0758319   -0.130957    0.159158    0.124949   0.0773786   -0.179264   -0.141197  -0.0294191   0.0923257   0.0068514   0.0145882  -0.0670859  -0.0340773 -0.00880669  0.00518139   0.0404664   -0.116502  0.00667284  -0.0143029 -0.00509114  -0.0988108    0.106241    0.106966  -0.0183536    0.105064    -0.01037   -0.180416    0.045506
> Eigen vector no10
 -0.0274756   -0.186906   -0.077298     0.17208   0.0108433    0.263414   -0.102805  -0.0736181  -0.0137753   -0.117109     0.24833   0.0853621   -0.121315   0.0922293   0.0619489    0.108185   -0.119788   -0.104464   -0.127604    0.381823   -0.142723    0.207653   -0.525796    0.089185   -0.228051     0.22482  -0.0107081   0.0454326  -0.0161598    0.100805     0.15715  -0.0992689  -0.0666062  -0.0156006   0.0146936 -0.00653168  -0.0347839 -0.00753921   -0.174529
> Eigen vector no11
  0.0837612    0.116506    0.229358    0.323737    0.108098    0.250724   -0.118281  -0.0406133  -0.0651892   -0.109968    0.134406   0.0174995   0.0489674   0.0686771    0.106684   0.0557723   -0.129737   -0.136686    0.130136    -0.29516   0.0807263  -0.0999678    0.265547  -0.0594431  -0.0315273  0.00854986    -0.03725    0.072404   0.0387843   0.0309143  -0.0199566  -0.0694255  -0.0218363   0.0551361 0.000227034    0.146711   -0.383657   -0.128048   -0.491282
> Eigen vector no12
  -0.309924   0.0298502    0.182116    0.288329    0.116987  -0.0610344   0.0794265   -0.290736  -0.0103801    0.286095  -0.0232606    0.118007    -0.26916  -0.0637034   -0.333779   -0.189451    0.237305    0.393277   0.0316208   0.0549623   -0.214791   0.0498136   0.0159823    0.053226  -0.0428435  -0.0700663   0.0381186   0.0795425   0.0717491 -0.00662122  -0.0140005   0.0314941   -0.181433   0.0612433  -0.0276549    0.133087  -0.0149681  -0.0251241    -0.12111
> Eigen vector no13
   0.354682   -0.121022    -0.06645 -0.00147716     -0.1668   -0.168103   0.0921892    0.264982   -0.452742   -0.173262    0.131787    0.290858   0.0283628   -0.136619   -0.214817   -0.100873   0.0837198    0.263128   0.0871781  -0.0325257   -0.091243   0.0188931  0.00705165  -0.0742121  -0.0757414    0.124836   0.0101371  -0.0321042   0.0264593   0.0820455   0.0860321   -0.184322    0.192401  -0.0464201  -0.0557295    0.282719   -0.112855   0.0402008   0.0249869
> Eigen vector no14
 -0.0416894    -0.14084  -0.0479881    0.166643  -0.0729681   -0.153337     0.18498   -0.144857  0.00509414   0.0113945   -0.157769   -0.330023    0.199351    0.219163    0.247641   -0.227499  -0.0789323 -0.00747776  -0.0112556   0.0513837   -0.042699   0.0620824  -0.0413522   0.0471683   0.0368793 -0.00489658   -0.122621   0.0609839   0.0930603    0.167653  -0.0197102   0.0684723  -0.0193669   -0.240956   -0.132014    0.398014   -0.205869    0.411601    0.052666
> Eigen vector no15
  0.0559459  0.00163025   -0.179299  -0.0484585   0.0291619  -0.0202136  -0.0895029  -0.0797681  -0.0132524    0.283838  -0.0214047   0.0175613  -0.0113145   0.0100539    0.170383   -0.215705    0.274477   -0.214574    0.136573   -0.175292   0.0754484   0.0112086    -0.13402 -0.00571799   -0.279602  -0.0641533  0.00632147    0.242759    0.491694   -0.135739   0.0898894   -0.357137   0.0951856  -0.0357229     0.07824  -0.0892178   -0.086143   -0.106584    0.120812
> Eigen vector no16
   -0.488896      0.17621    -0.359092     0.160627     0.279118    -0.110284     0.148687    0.0991341    0.0116343    -0.103833    -0.166196    0.0587746     0.109717   0.00325156  -0.00458826    0.0661953     -0.05573   -0.0105984   -0.0240601   -0.0467609    0.0317893    0.0969662  -0.00541916   -0.0653007    -0.106365     0.112497    0.0794776    -0.213115    -0.121187    -0.169612   0.00790308     -0.22472     0.413386     0.093188 -0.000684557     0.105992  -0.00380457    0.0251563    -0.113447
> Eigen vector no17
  0.383028 -0.0481068  -0.239008  -0.131064  -0.155322  0.0708704  -0.104714  -0.286939   0.280319   0.255336  0.0249427  -0.126512  -0.100347  0.0282183 -0.0870477 -0.0638224 -0.0329035   0.155377 -0.0858913  0.0223707  0.0243659  0.0108179   0.157695 -0.0426735  -0.131751  0.0732989  0.0587091  -0.196152  -0.200688  -0.264837   0.148026 -0.0338713   0.166123   0.111498   0.202719   0.096354 -0.0359031   0.238326  -0.253343
> Eigen vector no18
  -0.126802  -0.0616919    0.491243  -0.0423036  -0.0413089    0.156695   -0.140117   0.0524096   -0.125033 -0.00134062   0.0835523  -0.0995512   0.0674616   0.0622351    0.107556  -0.0714368   -0.201691    0.133898   0.0853265  -0.0672359   -0.142905    0.021806   0.0863063 -0.00626673   -0.155959   0.0522079   0.0508405  -0.0389552   0.0836243    -0.22903   0.0205975    -0.26923     0.15591    0.072341   -0.192934   -0.125206    0.381241    0.373829   0.0301383
> Eigen vector no19
  0.234286   0.210313  0.0642632   0.293805   0.212922   0.104669 -0.0526827  -0.133096  -0.143198    0.29937  0.0170467 -0.0406991 -0.0651896  -0.168033 -0.0967911   0.135241  0.0407216 -0.0602617  -0.200758 -0.0614977   0.288031  0.0909084  -0.119349  -0.196493   0.136859   0.120771   0.054874  -0.143205 -0.0586127   0.275146  -0.217199   -0.15763   0.107089  -0.203139 -0.0681006  -0.124529  0.0539078   0.227115   0.180577
> Eigen vector no20
 0.00821644     0.16779   -0.060442   -0.127776   0.0960808 -0.00255597  -0.0189066   0.0438548    0.174303   -0.129091  -0.0101465  -0.0900567  -0.0546243  -0.0895808    -0.29395    0.422466   -0.312127    0.178912   -0.173773   0.0819511     0.11043  -0.0116624   0.0757659  -0.0576021   -0.102503   -0.150751   0.0417099     0.32595    0.295694    -0.14301    0.113849   -0.159515   -0.147999     -0.1665   -0.103894    0.196484   -0.109528    0.107365    0.106464
> Eigen vector no21
  0.0964503    0.168801   0.0431518   0.0634282    0.183486    0.165838   -0.178638  -0.0266492    -0.12971  -0.0280249  -0.0615346 -0.00133248  -0.0795528   0.0696269   0.0983111   0.0448013    0.081128   -0.113944   0.0646992   -0.194216   -0.177646   0.0939107  -0.0880419   0.0801452   0.0698362     0.15514    0.142144  -0.0901343   -0.195934   -0.411705    0.144463    0.114352   -0.209123  -0.0553173   0.0581767    0.405478  -0.0117701   -0.079206    0.426784
> Eigen vector no22
 -0.249981  -0.170586   0.155171  -0.184705  -0.181735  -0.120625  0.0148239   0.020444    -0.1133  0.0739028   0.095679  0.0486856 -0.0866786  -0.261146 -0.0491763   0.216992    0.29265   -0.30788 -0.0808091  -0.162218   0.305068 -0.0917363  -0.221109  0.0510392  0.0140969 -0.0435439   0.112819   0.021278 -0.0792363  -0.152853  0.0847199   0.139595 -0.0312126  0.0514344 -0.0959398   0.189674 -0.0709235   0.321924  -0.227289
> Eigen vector no23
   0.151618    0.253936  -0.0985517   -0.129936    0.182984   -0.061035   -0.110524  -0.0493817    0.342354   -0.212642  -0.0186688     0.44976   0.0674274 -0.00703262  -0.0574822   -0.101933    0.118426   -0.103552    0.189608   -0.131385   -0.175267    0.113788  -0.0585716    0.164703 -0.00151029   0.0370579  -0.0728688  -0.0394515   0.0458203   0.0586731   -0.118153    0.048039   -0.130247   -0.129151   -0.257169  -0.0868813    0.045033    0.370242   -0.148498
> Eigen vector no24
-0.0181424   0.080983   -0.20874  -0.139083  0.0533928   0.113245  -0.160147  0.0112317   0.054289  0.0988705   0.219923  -0.330553  -0.217504 -0.0408324 -0.0395068   0.108095  0.0206066  0.0494108   0.256873 -0.0876858  -0.141472  -0.325519  -0.141636   0.127462     0.0545  0.0150917  -0.135672 -0.0870965  0.0650922   0.250886 -0.0852187  0.0367309   0.224687   0.152259  -0.374845   0.256532   0.130538  -0.123516 0.00929198
> Eigen vector no25
   0.136118  -0.0555811   0.0628959    0.126113  -0.0453477   0.0953336    0.165461 -0.00158167    0.167444   -0.363638  -0.0726367  -0.0932298   -0.186698    0.451931   -0.186558   -0.110018    0.363087  -0.0272759   -0.227831   -0.051121    0.294915   0.0161137   0.0201138  -0.0579087    0.072408   0.0940222   0.0217271   0.0681331    0.041643  -0.0694182   0.0547762   -0.093972    0.057537    0.145152    -0.27752     0.02761    0.180697  -0.0951197   0.0150295
> Eigen vector no26
 -0.0354559  -0.0994351  -0.0770031   -0.143858  -0.0884452   -0.060066  -0.0855238  -0.0484656  -0.0827374   0.0249201  0.00238642  -0.0695464  -0.0498449  -0.0161169    0.136583    0.167009 -0.00694056    0.161589   -0.363049   -0.446851   -0.153486    0.545212   0.0657907 -0.00952729   -0.098978    0.105199  -0.0855116  -0.0826437    0.200873    0.068964   -0.118119     0.21525   0.0108449   0.0310927   -0.146842   -0.034376   0.0105644   -0.156235  -0.0889823
> Eigen vector no27
 0.0084117   0.110575 -0.0710033 -0.0465216    0.10348  0.0445401  -0.251676 -0.0518557  -0.215605  0.0932837 0.00319417   0.153219   0.094406 -0.0838912   0.175699 -0.0821972   0.135105  -0.114423  -0.398905   0.328863 0.00515547  0.0474702   0.328554   0.244053  0.0759421  -0.264046  -0.244139   0.117463  -0.133933  0.0232876   0.141544  -0.121323    0.05491   0.126151  -0.227868     0.1445  0.0777439 -0.0254988 -0.0237056
> Eigen vector no28
 -0.0143152   0.0756854   -0.109182  -0.0470908    0.060564  -0.0139448   -0.308591   -0.152214    -0.25749 -0.00987891    -0.13599   0.0929171    0.218948    0.135854    -0.17232    -0.23239   -0.233325   0.0108363   0.0676831   0.0713094    0.336678  -0.0407103   -0.130908   -0.251456    -0.26479  -0.0461143    0.110472  -0.0466537    0.132138   0.0342645  -0.0177656    0.387964   -0.101076    0.203434     -0.1064   0.0959469    0.155564  -0.0271156  -0.0360181
> Eigen vector no29
    0.15024   0.0413968    0.127266    0.213602   0.0442362  -0.0180284   0.0691802   -0.127117   -0.113398   -0.220854   -0.220241  -0.0811194  -0.0674636  -0.0747005   -0.143467    0.239179     0.07652   -0.114199   0.0492955 -0.00710891  -0.0178032  -0.0345101   0.0262047    0.389714   -0.316304   -0.128559   -0.287343   -0.118428    0.181648   0.0516102   0.0354062    0.227394    0.238657    0.106588    0.323302  -0.0359881    0.105577    0.121766    0.093142
> Eigen vector no30
  -0.187715  -0.0101766    0.186426   -0.114308  -0.0129308    0.180054  -0.0589456   0.0661068    0.247795   0.0767213    0.208468    0.238552   0.0516757   0.0160714   -0.098813   -0.165526  -0.0783481   0.0819341  -0.0346662  -0.0311884    0.230005   0.0896694  -0.0820878   -0.107957     0.20593    0.123789    -0.54936  -0.0597807    0.134102  -0.0389023   0.0554972   0.0886247    0.220333  0.00677404    0.223315    0.190673   -0.095137 -0.00462415    0.192031
> Eigen vector no31
 0.0252697  0.0369258   0.110121 0.00414327  0.0473434   0.137163  0.0435921   0.041612   0.218668 -0.0919497 -0.0830685   0.194065  -0.136252  -0.137278   0.431199   0.118585   0.214488  0.0966182 -0.0685237   0.139529  -0.141923  -0.101259    0.07794  -0.453949  -0.143044 -0.0791376   0.227972  0.0497759   0.125949   0.223097  0.0652203   0.206175   0.171904     0.1223  0.0834939   0.194649  0.0575006  0.0926276  0.0778597
> Eigen vector no32
-0.0193628  -0.150023   0.146892 0.00304618  -0.139106   0.181049   0.138108   0.010928   0.266873  0.0634843 0.00663337   0.129276  0.0479984  -0.183953 -0.0640536  -0.151874  -0.117147  -0.116181 -0.0631844  0.0508035   0.138979   0.020247   0.124974   0.250559  -0.413348 -0.0725204   0.223899  -0.261131 -0.0728715  0.0345457  -0.234697  -0.022849  0.0602413   -0.16832  -0.256455   0.153995  -0.132506  -0.242823   0.206063
> Eigen vector no33
   0.106553    0.217043  -0.0667763    0.125161    0.217083  -0.0417656    0.297857    0.428072   0.0506532     0.17208    0.415031  -0.0814991     -0.0317  0.00926916   0.0980055    -0.23227   -0.104448   0.0544027   -0.165267  -0.0950211     0.11943   0.0304851  -0.0109021    0.248929  -0.0994861  -0.0354748     0.15678   0.0838783   0.0662449  0.00254357    0.124758    0.241853  -0.0883367     0.15779   0.0956206 -0.00633965    0.126288    0.129796  -0.0383716
> Eigen vector no34
 -0.157063   0.033599  0.0757844  -0.224642 0.00274671   0.060739  -0.268093 -0.0310116 0.00156078 -0.0942796  0.0516459 -0.0535644 -0.0165136   0.198862  -0.249146  -0.129195 0.00236329  -0.108642 -0.0379715 -0.0953468 -0.0690706   0.171753  0.0809661   0.194362   0.130928  -0.074133   0.446138   0.155881 -0.0456508   0.409375  0.0619251 -0.0580235   0.247824 -0.0115901   0.311336  0.0704996 -0.0921393  0.0845538  0.0746199
> Eigen vector no35
  0.148785  -0.116353    0.01603    0.17872  -0.113748  0.0506617   0.210189  -0.176992   0.159035   0.143391  -0.223311    0.18346   0.263437  -0.208296 -0.0420031  0.0573487  -0.267773 -0.0904225  0.0337143  -0.207796 -0.0621762  0.0610292  -0.162884   0.104438   0.276898  0.0179513   0.105538   0.262879 -0.0019197  0.0855214   0.245159 -0.0484552   0.108197    0.30418   -0.10902   0.111081    0.23609   -0.11598 0.00469455
> Eigen vector no36
 -0.0345608 -0.00575323  -0.0195219 -0.00138973 -0.00470529  -0.0348306  0.00676627   -0.013458  -0.0264941   0.0223356 -0.00770604  -0.0683711  -0.0233201   -0.192029   -0.105889  -0.0525594 -0.00169914   -0.274237 -0.00557099    0.296103  -0.0745866  -0.0203022    0.354802   0.0486107    0.163412    0.645453    0.127092  0.00487107    0.387172  -0.0740158  -0.0434648    0.147784  0.00441286   0.0368414  -0.0260307  0.00771827   0.0172441   0.0097585  -0.0367867
> Eigen vector no37
  0.0204983   0.0119704   0.0103258   0.0303857    0.012972 -0.00292925   0.0814097   0.0769354   0.0231063  -0.0519708   0.0575196   -0.168789  -0.0631783   -0.144473   -0.341599   -0.262979  -0.0951322   -0.476461    -0.22162  -0.0942207   -0.427469 -0.00950789  -0.0223889   -0.415094   -0.100449   -0.211797   -0.165957  -0.0145104  -0.0652759  -0.0327252    0.023795   0.0102095 -0.00695109   0.0159472  -0.0144199  0.00409688   0.0231892    0.021923  0.00281916
> Eigen vector no38
 -0.0102803   0.0231928  -0.0318107  -0.0266045   0.0164435  -0.0299561   -0.076302  -0.0708201  -0.0307811   -0.335281   -0.192908  -0.0988055   -0.530733   -0.422188    0.205601   -0.392009   -0.254533   0.0708396   0.0373527  -0.0568629    0.224913   0.0898471  -0.0645757   0.0631644    0.106303 -0.00862659  -0.0237757    0.055599  -0.0448156 -0.00385582   0.0416824  -0.0811138  -0.0144799 -0.00335669   0.0189017  -0.0326023 -0.00919606  0.00642236  -0.0322621
> Eigen vector no39
   0.0402719 -0.000532648   0.00123627    0.0244287  -0.00251878    0.0180536     0.080534    0.0852584    0.0320969    0.0592778     0.105691    -0.160564   -0.0445441   -0.0548456   -0.0546703     0.114431    0.0966484    -0.132911     0.538319     0.226919     0.156072     0.632638     0.181419    -0.147676   -0.0089286    -0.178308   -0.0461007    0.0420338   -0.0925843    0.0206764    0.0678926    0.0219846   -0.0109044    0.0821434   -0.0844346     0.066677    0.0718091  -0.00814914   0.00178923
